return {
    NPCs = {
        Appraiser = CFrame.new(452.62823486328, 152.00103759766, 206.88647460938, 0, 0, 1, 0, 1, 0, -1, 0, 0),
        ["Moosewood Shipwright"] = CFrame.new(357.97259521484, 135.11596679688, 258.15454101562, 0, 0, -1, 0, 1, 0, 1, 0, 0),
        Merlin = CFrame.new(-928.03283691406, 225.20002746582, -998.74499511719, -0.86823225021362, 0, 0.49615788459778, 0, 1, 0, -0.49615788459778, 0, -0.86823225021362),
        ["Jack Marrow"] = CFrame.new(-2829.8547363281, 212.83641052246, 1517.4177246094, 0.26068502664566, 0.044062823057175, -0.96441781520844, -0.04982915520668, 0.99824053049088, 0.032139156013727, 0.96413707733154, 0.039677929133177, 0.26242196559906),
        ["Sea Traveler"] = CFrame.new(138.12661743164, 148.4245300293, 2031.3634033203, -0.79632139205933, -0.029826764017344, -0.60413801670074, 0.056265491992235, 0.99080032110214, -0.1230807825923, 0.60225129127502, -0.13200397789478, -0.78731727600098),
        ["Moosewood Angler"] = CFrame.new(480.10247802734, 152.00105285645, 302.22689819336, 1, 0, 0, 0, 1, 0, 0, 0, 1)
    },
    Locations = {
        Safe = {
            CFrames = {
                ["The Depths"] = CFrame.new(568.15270996094, -698.88110351562, 1230.8479003906, -1, 0, 0, 0, 1, 0, 0, 0, -1),
                Roslit = CFrame.new(-1476.5114746094, 133.16842651367, 671.68530273438, 0, 0, -1, 0, 1, 0, 1, 0, 0),
                ["Ancient Isle"] = CFrame.new(6062.8764648438, 201.4181060791, 306.62884521484, -0.35544085502625, 0, -0.93469870090485, 0, 1, 0, 0.93469870090485, 0, -0.35544085502625),
                ["Sunstone - Red Tang"] = CFrame.new(-1190.3768310547, 121.50003051758, -1217.0307617188, 1, 0, 0, 0, 1, 0, 0, 0, 1),
                ["Grand Reef"] = CFrame.new(-3565.7670898438, 157.36061096191, 535.24652099609, -0.4578446149826, 0, -0.88903224468231, 0, 1, 0, 0.88903224468231, 0, -0.4578446149826),
                ["Snowcap Ocean - Lingcod"] = CFrame.new(2815.5349121094, 73.837509155273, 2809.0451660156, 1, 0, 0, 0, 1, 0, 0, 0, 1),
                ["Forsaken Shores Pond"] = CFrame.new(-2781.4636230469, 240.44161987305, 1709.1329345703, 1, 0, 0, 0, 1, 0, 0, 0, 1),
                ["Roslit Bay Ocean - Squid"] = CFrame.new(-2123.0400390625, 153.97428894043, 601.70068359375, 1, 0, 0, 0, 1, 0, 0, 0, 1),
                ["Moosewood Pond"] = CFrame.new(538.03948974609, 147.19342041016, 330.94012451172, 1, 0, 0, 0, 1, 0, 0, 0, 1),
                ["Volcanic Vents"] = CFrame.new(-3376.0080566406, -2260.0668945312, 3822.3908691406, -0.82528078556061, 0, 0.56472253799438, 0, 1, 0, -0.56472253799438, 0, -0.82528078556061),
                ["Forsaken Shores Ocean - Golden Seahorse"] = CFrame.new(-3069.1354980469, 134.0641784668, 1487.6958007812, 1, 0, 0, 0, 1, 0, 0, 0, 1),
                ["Sunstone - Trumpetfish"] = CFrame.new(-795.015625, 77.500030517578, -1334.5406494141, 1, 0, 0, 0, 1, 0, 0, 0, 1),
                ["The Depths - Frilled Shark"] = CFrame.new(745.83013916016, -712.38891601562, 1250.1755371094, 1, 0, 0, 0, 1, 0, 0, 0, 1),
                ["Atlantean Storm"] = CFrame.new(-3827.2763671875, 140.80131530762, 372.40759277344, 1, 0, 0, 0, 1, 0, 0, 0, 1),
                ["Abyssal Zenith"] = CFrame.new(-13518.84765625, -11050.122070312, 116.59420776367, -0.82528078556061, 0, 0.56472253799438, 0, 1, 0, -0.56472253799438, 0, -0.82528078556061),
                ["Forsaken Shores Ocean"] = CFrame.new(-3592.0354003906, -38.304702758789, 1604.7957763672, 1, 0, 0, 0, 1, 0, 0, 0, 1),
                ["Terrapin Olm - Olm"] = CFrame.new(98.557067871094, 217.19976806641, 1984.5316162109, 1, 0, 0, 0, 1, 0, 0, 0, 1),
                ["Roslit Bay Ocean"] = CFrame.new(-1752.1416015625, 159.81851196289, 390.14465332031, 1, 0, 0, 0, 1, 0, 0, 0, 1),
                ["Terrapin Olm"] = CFrame.new(22.064390182495, 189.00003051758, 1944.3679199219, 1, 0, 0, 0, 1, 0, 0, 0, 1),
                Terrapin = CFrame.new(-143.83850097656, 144.16583251953, 1909.5109863281, -0.16683542728424, 0.012249407358468, -0.98590868711472, 0.033638164401054, 0.99941146373749, 0.0067249219864607, 0.98541074991226, -0.032042197883129, -0.16714930534363),
                ["The Depths - Goblin Shark"] = CFrame.new(841.05627441406, -830.16540527344, 1246.1633300781, 1, 0, 0, 0, 1, 0, 0, 0, 1),
                ["Sunstone Hidden"] = CFrame.new(-1139.3863525391, 159.98654174805, -1076.2637939453, 1, 0, 0, 0, 1, 0, 0, 0, 1),
                ["Ancient Archives"] = CFrame.new(-3155.0222167969, -747.66784667969, 2193.1369628906, 1, 0, 0, 0, 1, 0, 0, 0, 1),
                ["Ancient Isle Waterfall - Leedsichthys"] = CFrame.new(6043.25, 401.45156860352, 634.20434570312, 1, 0, 0, 0, 1, 0, 0, 0, 1),
                Snowcap = CFrame.new(2648.67578125, 142.06605529785, 2521.2973632812, 0.46483319997787, 0, 0.88539826869965, 0, 1, 0, -0.88539826869965, 0, 0.46483319997787),
                ["The Arch - Rabbitfish"] = CFrame.new(1073.7388916016, 116.40732574463, -1203.4940185547, 1, 0, 0, 0, 1, 0, 0, 0, 1),
                ["Ocean - Halibut"] = CFrame.new(-714.98315429688, 57.432289123535, -459.97912597656, 1, 0, 0, 0, 1, 0, 0, 0, 1),
                ["Roslit Pond - Arapaima"] = CFrame.new(-1761.3842773438, 155.46263122559, 596.43194580078, 1, 0, 0, 0, 1, 0, 0, 0, 1),
                ["Moosewood Pond - Pike"] = CFrame.new(526.18145751953, 152.50003051758, 285.77331542969, 1, 0, 0, 0, 1, 0, 0, 0, 1),
                ["Keepers Altar - Bluefish"] = CFrame.new(1329.8454589844, -798.29217529297, -128.71649169922, 1, 0, 0, 0, 1, 0, 0, 0, 1),
                ["Roslit Bay Ocean - Halibut"] = CFrame.new(-1825.3913574219, 7.9387512207031, 946.61779785156, 1, 0, 0, 0, 1, 0, 0, 0, 1),
                ["Sunstone - Chinfish"] = CFrame.new(-651.26794433594, 77.500030517578, -988.52484130859, 1, 0, 0, 0, 1, 0, 0, 0, 1),
                ["Roslit Bay - Nurse Shark"] = CFrame.new(-1650.7337646484, 121.36683654785, 504.35168457031, 1, 0, 0, 0, 1, 0, 0, 0, 1),
                ["Moosewood Pond - Carp"] = CFrame.new(558.07366943359, 150.88681030273, 297.34213256836, 1, 0, 0, 0, 1, 0, 0, 0, 1),
                ["Ancient Isle Waterfall"] = CFrame.new(5951.7221679688, 259.32205200195, 502.17401123047, 1, 0, 0, 0, 1, 0, 0, 0, 1),
                ["Terrapin Ocean - Chinook Salmon"] = CFrame.new(-335.06295776367, 179.78482055664, 1540.0164794922, 1, 0, 0, 0, 1, 0, 0, 0, 1),
                ["Roslit Bay - Blue Tang"] = CFrame.new(-1469.1256103516, 100.14752960205, 525.2998046875, 0.99024629592896, -0, -0.13932803273201, 0, 1, -0, 0.13932803273201, 0, 0.99024629592896),
                ["Ancient Isle Ocean"] = CFrame.new(5833.3159179688, 99.49747467041, 401.36932373047, 1, 0, 0, 0, 1, 0, 0, 0, 1),
                ["Deep Ocean"] = CFrame.new(9713.0703125, -19.754058837891, -7639.3178710938, 1, 0, 0, 0, 1, 0, 0, 0, 1),
                ["Terrapin Ocean - Golden Smallmouth Bass"] = CFrame.new(97.634788513184, 109.74374389648, 2150.4809570312, 1, 0, 0, 0, 1, 0, 0, 0, 1),
                ["Desolate Deep"] = CFrame.new(-1660.4844970703, -213.97938537598, -2822.8237304688, 0.028362333774567, 0, 0.99959772825241, 0, 1, 0, -0.99959772825241, 0, 0.028362333774567),
                ["The Depths - Serpent"] = CFrame.new(1247.4129638672, -822.72619628906, 1198.9499511719, 1, 0, 0, 0, 1, 0, 0, 0, 1),
                ["Forsaken Shores"] = CFrame.new(-2489.4091796875, 132.93493652344, 1566.6665039062, 0, 0, -1, 0, 1, 0, 1, 0, 0),
                ["Terrapin Ocean - Redeye Bass"] = CFrame.new(-58.925178527832, 162.3791809082, 2312.4533691406, 1, 0, 0, 0, 1, 0, 0, 0, 1),
                ["Terrapin Ocean - Walleye"] = CFrame.new(-225.36364746094, 75.83903503418, 2150.5415039062, 1, 0, 0, 0, 1, 0, 0, 0, 1),
                ["Desolate Deep - Banditfish"] = CFrame.new(-1525.2075195312, -227.70161437988, -2858.9333496094, 1, 0, 0, 0, 1, 0, 0, 0, 1),
                ["Moosewood Docks - Flounder"] = CFrame.new(315.45291137695, 196.50973510742, 214.88592529297, 1, 0, 0, 0, 1, 0, 0, 0, 1),
                ["Challengers Deep"] = CFrame.new(-763.79107666016, -3283.1384277344, -657.49633789062, -0.82528078556061, 0, 0.56472253799438, 0, 1, 0, -0.56472253799438, 0, -0.82528078556061),
                ["Frigid Cavern"] = CFrame.new(19759.77734375, 420.98226928711, 5402.3203125, -0.52804124355316, 0, -0.84921878576279, 0, 1, 0, 0.84921878576279, 0, -0.52804124355316),
                ["Sunstone - Sunfish"] = CFrame.new(-971.62548828125, 77.500030517578, -1433.9410400391, 1, 0, 0, 0, 1, 0, 0, 0, 1),
                ["Snowcap Ocean - Glacierfish"] = CFrame.new(2850.3215332031, 88.783836364746, 2661.5300292969, 1, 0, 0, 0, 1, 0, 0, 0, 1),
                ["Forsaken Shores - Cutlass Fish"] = CFrame.new(-2635.0942382812, 123.80093383789, 1409.7601318359, 1, 0, 0, 0, 1, 0, 0, 0, 1),
                ["Snowcap Pond"] = CFrame.new(2796.53125, 271.50991821289, 2593.3337402344, 1, 0, 0, 0, 1, 0, 0, 0, 1),
                ["Poseidon Pool"] = CFrame.new(-3984.8493652344, -436.48187255859, 935.83856201172, 1, 0, 0, 0, 1, 0, 0, 0, 1),
                ["Snowcap Ocean - Arctic Char"] = CFrame.new(2342.9968261719, 122.4380569458, 2206.6640625, 1, 0, 0, 0, 1, 0, 0, 0, 1),
                ["Ocean - Haddock"] = CFrame.new(-499.98315429688, 171.00030517578, -459.97912597656, 1, 0, 0, 0, 1, 0, 0, 0, 1),
                ["Forsaken Shores - Scurvy Sailfish"] = CFrame.new(-2419.7944335938, 146.15196228027, 1440.2601318359, 1, 0, 0, 0, 1, 0, 0, 0, 1),
                ["Harvesters Spike - Sawfish"] = CFrame.new(-1459.9963378906, -38.827453613281, 1749.4107666016, 1, 0, 0, 0, 1, 0, 0, 0, 1),
                ["Roslit Bay Clam"] = CFrame.new(-2134.6323242188, 118.09576416016, 404.6594543457, 1, 0, 0, 0, 1, 0, 0, 0, 1),
                ["Snowcap Ocean - Pollock"] = CFrame.new(2571.1105957031, 88.303359985352, 2367.5446777344, 1, 0, 0, 0, 1, 0, 0, 0, 1),
                ["Vertigo - Spiderfish"] = CFrame.new(-161.56153869629, -662.91400146484, 1205.9916992188, 1, 0, 0, 0, 1, 0, 0, 0, 1),
                ["Moosewood Ocean"] = CFrame.new(890.44067382812, 83.820251464844, 465.46496582031, 1, 0, 0, 0, 1, 0, 0, 0, 1),
                ["Sunstone - Sweetfish"] = CFrame.new(-943.97351074219, 123.75074005127, -1101.9276123047, 1, 0, 0, 0, 1, 0, 0, 0, 1),
                ["Ocean - Cod"] = CFrame.new(-619.48315429688, 21.74649810791, -158.47914123535, 1, 0, 0, 0, 1, 0, 0, 0, 1),
                ["Moosewood Ocean Mythical"] = CFrame.new(697.75567626953, 175.49984741211, 316.38439941406, 1, 0, 0, 0, 1, 0, 0, 0, 1),
                ["Snowcap Ocean - Herring"] = CFrame.new(2583.9321289062, 137.87924194336, 2526.1098632812, 1, 0, 0, 0, 1, 0, 0, 0, 1),
                ["Moosewood Island"] = CFrame.new(349.3251953125, 141.40264892578, 327.74783325195, 0.67100328207016, 0, -0.74145436286926, 0, 1, 0, 0.74145436286926, 0, 0.67100328207016),
                ["Snowcap Pond - Sturgeon"] = CFrame.new(2815.3503417969, 282.28387451172, 2593.1728515625, 1, 0, 0, 0, 1, 0, 0, 0, 1),
                ["Snowcap Ocean"] = CFrame.new(3057.3940429688, 80.536376953125, 2604.6586914062, 1, 0, 0, 0, 1, 0, 0, 0, 1),
                ["Notes Island Pool"] = CFrame.new(-185.0119934082, 1583.1497802734, 16983.15234375, 1, 0, 0, 0, 1, 0, 0, 0, 1),
                ["Roslit Bay Clam - Clam"] = CFrame.new(-1917.7944335938, 86.534851074219, 707.83697509766, 1, 0, 0, 0, 1, 0, 0, 0, 1),
                ["Zeus Pool"] = CFrame.new(-4298.6284179688, -572.18713378906, 2714.1125488281, 1, 0, 0, 0, 1, 0, 0, 0, 1),
                ["Roslit Pond"] = CFrame.new(-1811.9697265625, 155.04708862305, 592.64276123047, 1, 0, 0, 0, 1, 0, 0, 0, 1),
                Mushgrove = CFrame.new(2501.4858398438, 130.75833129883, -720.69946289062, 0, 0, -1, 0, 1, 0, 1, 0, 0),
                ["Ethereal Abyss"] = CFrame.new(-3754.2492675781, -496.54843139648, 1832.138671875, 1, 0, 0, 0, 1, 0, 0, 0, 1),
                ["Ocean - Sardine"] = CFrame.new(-394.1123046875, 49.152755737305, 608.03186035156, 1, 0, 0, 0, 1, 0, 0, 0, 1),
                ["Sunken's Depth"] = CFrame.new(-4958.2504882812, -499.48187255859, 1824.7980957031, 1, 0, 0, 0, 1, 0, 0, 0, 1),
                ["Atlantis Ocean"] = CFrame.new(-4309.107421875, -596.40374755859, 1835.9608154297, 1, 0, 0, 0, 1, 0, 0, 0, 1),
                ["Ancient Isle Ocean - Cobia"] = CFrame.new(5983.1484375, 83.500022888184, 1007.880859375, 1, 0, 0, 0, 1, 0, 0, 0, 1),
                ["Moosewood Pond - Goldfish"] = CFrame.new(526.52893066406, 146.50003051758, 307.70394897461, 1, 0, 0, 0, 1, 0, 0, 0, 1),
                ["Roslit Bay - Angelfish"] = CFrame.new(-1493.5131835938, 81.382926940918, 593.72473144531, 1, 0, 0, 0, 1, 0, 0, 0, 1),
                ["Harvesters Spike - Bluefin Tuna"] = CFrame.new(-1299.6938476562, 99.646583557129, 1515.7259521484, 1, 0, 0, 0, 1, 0, 0, 0, 1),
                ["Terrapin Ocean - White Bass"] = CFrame.new(-58.220123291016, 135.3005065918, 2022.6390380859, 1, 0, 0, 0, 1, 0, 0, 0, 1),
                ["Moosewood Ocean - Anchovy"] = CFrame.new(425.80786132812, 83.820251464844, 623.16082763672, 1, 0, 0, 0, 1, 0, 0, 0, 1),
                ["Snowcap Ocean - Red Drum"] = CFrame.new(2306.5463867188, 14.321426391602, 2543.0490722656, 1, 0, 0, 0, 1, 0, 0, 0, 1),
                ["Desolate Deep - Phantom Ray"] = CFrame.new(-1678.2475585938, -228.71029663086, -3091.3083496094, 1, 0, 0, 0, 1, 0, 0, 0, 1),
                ["Moosewood Docks"] = CFrame.new(386.28228759766, 104.03151702881, 367.62399291992, 1, 0, 0, 0, 1, 0, 0, 0, 1),
                ["Roslit Bay - Pufferfish"] = CFrame.new(-1432.3062744141, 90.333160400391, 457.83874511719, 1, 0, 0, 0, 1, 0, 0, 0, 1),
                ["Sunstone - Glassfish"] = CFrame.new(-918.06561279297, 147.61102294922, -986.36804199219, 1, 0, 0, 0, 1, 0, 0, 0, 1),
                ["Glacial Grotto"] = CFrame.new(19903.4453125, 1159.927734375, 5510.076171875, -0.52804124355316, 0, -0.84921878576279, 0, 1, 0, 0.84921878576279, 0, -0.52804124355316),
                ["Vertigo - Twilight Eel"] = CFrame.new(-65.148490905762, -721.51715087891, 1203.6341552734, 1, 0, 0, 0, 1, 0, 0, 0, 1),
                ["Mushgrove Water - Marsh Gar"] = CFrame.new(2525.3603515625, 138.00003051758, -776.18389892578, 1, 0, 0, 0, 1, 0, 0, 0, 1),
                ["Snowcap Pond - Burbot"] = CFrame.new(2789.3474121094, 286.33486938477, 2613.3110351562, 1, 0, 0, 0, 1, 0, 0, 0, 1),
                ["Mushgrove Water - Bowfin"] = CFrame.new(2451.0593261719, 123.82035827637, -819.65155029297, 1, 0, 0, 0, 1, 0, 0, 0, 1),
                ["The Arch"] = CFrame.new(1302.2646484375, 133.46591186523, -1168.66015625, 1, 0, 0, 0, 1, 0, 0, 0, 1),
                ["The Depths - Deep-sea Hatchetfish"] = CFrame.new(961.9736328125, -834.63702392578, 1414.6876220703, 1, 0, 0, 0, 1, 0, 0, 0, 1),
                ["Mushgrove Water"] = CFrame.new(2475.0129394531, 136.93865966797, -675.14013671875, 1, 0, 0, 0, 1, 0, 0, 0, 1),
                ["Ancient Isle Ocean - Anomalocaris"] = CFrame.new(5505.2084960938, 150.49662780762, -321.47900390625, 1, 0, 0, 0, 1, 0, 0, 0, 1),
                ["Sunstone - Longtail Bass"] = CFrame.new(-845.97540283203, 104.00003051758, -1221.5706787109, 1, 0, 0, 0, 1, 0, 0, 0, 1),
                Crypt = CFrame.new(1537.4499511719, -1692.5349121094, 6357.6494140625, -1, 0, 0, 0, 1, 0, 0, 0, -1),
                ["Mushgrove Water - Grey Carp"] = CFrame.new(2679.1818847656, 136.45797729492, -810.63677978516, 1, 0, 0, 0, 1, 0, 0, 0, 1),
                ["Ancient Isle Pond"] = CFrame.new(6014.12109375, 188.58296203613, 338.62966918945, 1, 0, 0, 0, 1, 0, 0, 0, 1),
                Lava = CFrame.new(-1966.1926269531, 199.84712219238, 274.7529296875, 1, 0, 0, 0, 1, 0, 0, 0, 1),
                ["Forsaken Veil"] = CFrame.new(-2418.1166992188, -11433.5859375, 7033.7626953125, 1, 0, 0, 0, 1, 0, 0, 0, 1),
                ["Calm Zone"] = CFrame.new(-4223.6772460938, -11201.001953125, 1804.5493164062, 1, 0, 0, 0, 1, 0, 0, 0, 1),
                ["Roslit Pond Seaweed"] = CFrame.new(-1800.69921875, 137.7370300293, 621.30212402344, 1, 0, 0, 0, 1, 0, 0, 0, 1),
                Moosewood = CFrame.new(383.10113525391, 134.24060058594, 243.93385314941, -0.4578446149826, 0, -0.88903224468231, 0, 1, 0, 0.88903224468231, 0, -0.4578446149826),
                ["Harvesters Spike"] = CFrame.new(-1234.6938476562, -15.532382965088, 1748.2203369141, 1, 0, 0, 0, 1, 0, 0, 0, 1),
                Sunstone = CFrame.new(-933.25970458984, 131.14395141602, -1119.5206298828, -0.34204268455505, 0, -0.93968439102173, 0, 1, 0, 0.93968439102173, 0, -0.34204268455505),
                ["Brine Pool Water"] = CFrame.new(-1788.3684082031, -135.69291687012, -3417.5134277344, 1, 0, 0, 0, 1, 0, 0, 0, 1),
                ["Mushgrove Water - Alligator"] = CFrame.new(2668.0568847656, 136.85855102539, -711.98583984375, 1, 0, 0, 0, 1, 0, 0, 0, 1),
                ["Scallop Ocean"] = CFrame.new(23.193054199219, 83.820251464844, 738.66088867188, 1, 0, 0, 0, 1, 0, 0, 0, 1),
                ["Keepers Altar"] = CFrame.new(1294.5756835938, -804.36505126953, -307.56521606445, 0.033169567584991, 0, 0.99944972991943, 0, 1, 0, -0.99944972991943, 0, 0.033169567584991),
                ["Kraken Pool"] = CFrame.new(-4289.5541992188, -1091.5866699219, 2077.9809570312, 1, 0, 0, 0, 1, 0, 0, 0, 1),
                ["Desolate Deep - Cockatoo Squid"] = CFrame.new(-1610.8176269531, -169.19367980957, -2796.9333496094, 1, 0, 0, 0, 1, 0, 0, 0, 1),
                Ocean = CFrame.new(-4622.9291992188, -25.482955932617, 6696.6821289062, 1, 0, 0, 0, 1, 0, 0, 0, 1),
                ["Ocean - Amberjack"] = CFrame.new(1519.1353759766, 15.287614822388, -2478.4377441406, 1, 0, 0, 0, 1, 0, 0, 0, 1),
                ["Cryogenic Canal"] = CFrame.new(20303.177734375, 709.50573730469, 5767.0732421875, -0.52804124355316, 0, -0.84921878576279, 0, 1, 0, 0.84921878576279, 0, -0.52804124355316),
                Vertigo = CFrame.new(-112.00727844238, -489.9010925293, 1040.3278808594, -1, 0, 0, 0, 1, 0, 0, 0, -1),
                ["Snowcap Pond - Glacier Pike"] = CFrame.new(2780.6892089844, 271.28384399414, 2585.564453125, 1, 0, 0, 0, 1, 0, 0, 0, 1),
                ["Roslit Bay"] = CFrame.new(-1521.0557861328, 100.14752960205, 517.99505615234, 0.99024629592896, -0, -0.13932803273201, 0, 1, -0, 0.13932803273201, 0, 0.99024629592896),
                ["Brine Pool"] = CFrame.new(-1796.3830566406, -135.69418334961, -3345.5881347656, 1, 0, 0, 0, 1, 0, 0, 0, 1),
                ["Overgrowth Caves"] = CFrame.new(19537.888671875, 136.57284545898, 5295.7963867188, -0.22710764408112, 0, -0.97386968135834, 0, 1, 0, 0.97386968135834, 0, -0.22710764408112),
                ["Terrapin Ocean"] = CFrame.new(46.760547637939, 175.26571655273, 1909.4783935547, 1, 0, 0, 0, 1, 0, 0, 0, 1),
                ["Ocean - Stingray"] = CFrame.new(2136.7954101562, 182.29815673828, 966.04052734375, 1, 0, 0, 0, 1, 0, 0, 0, 1),
                ["Sunstone - Mahi Mahi"] = CFrame.new(-697.03625488281, 108.44424438477, -1334.5406494141, 1, 0, 0, 0, 1, 0, 0, 0, 1),
                Atlantis = CFrame.new(-4265.130859375, -599.57458496094, 1830.8073730469, -0.99884450435638, 0, -0.048067476600409, 0, 1, 0, 0.048067476600409, 0, -0.99884450435638)
            },
            Names = {
                "Abyssal Zenith",
                "Ancient Archives",
                "Ancient Isle",
                "Atlantean Storm",
                "Atlantis",
                "Brine Pool",
                "Calm Zone",
                "Challengers Deep",
                "Cryogenic Canal",
                "Crypt",
                "Desolate Deep",
                "Desolate Deep - Cockatoo Squid",
                "Desolate Deep - Banditfish",
                "Desolate Deep - Phantom Ray",
                "Forsaken Shores",
                "Forsaken Shores - Scurvy Sailfish",
                "Forsaken Shores - Cutlass Fish",
                "Frigid Cavern",
                "Glacial Grotto",
                "Grand Reef",
                "Keepers Altar",
                "Keepers Altar - Bluefish",
                "Moosewood",
                "Moosewood Island",
                "Mushgrove",
                "Ocean",
                "Ocean - Sardine",
                "Ocean - Cod",
                "Ocean - Haddock",
                "Ocean - Amberjack",
                "Ocean - Stingray",
                "Ocean - Halibut",
                "Overgrowth Caves",
                "Roslit",
                "Roslit Bay",
                "Roslit Bay - Blue Tang",
                "Roslit Bay - Nurse Shark",
                "Roslit Bay - Angelfish",
                "Roslit Bay - Pufferfish",
                "Snowcap",
                "Sunstone",
                "Sunstone - Mahi Mahi",
                "Sunstone - Sunfish",
                "Sunstone - Glassfish",
                "Sunstone - Longtail Bass",
                "Sunstone - Chinfish",
                "Sunstone - Red Tang",
                "Sunstone - Sweetfish",
                "Sunstone - Trumpetfish",
                "Terrapin",
                "The Depths",
                "The Depths - Deep-sea Hatchetfish",
                "The Depths - Frilled Shark",
                "The Depths - Goblin Shark",
                "Forsaken Veil",
                "Vertigo",
                "Vertigo - Spiderfish",
                "Vertigo - Twilight Eel",
                "Volcanic Vents",
                "Deep Ocean",
                "Kraken Pool",
                "The Depths - Serpent",
                "Roslit Pond",
                "Roslit Pond - Arapaima",
                "Roslit Bay Ocean",
                "Roslit Bay Ocean - Squid",
                "Roslit Bay Ocean - Halibut",
                "Roslit Pond Seaweed",
                "Lava",
                "Roslit Bay Clam",
                "Roslit Bay Clam - Clam",
                "Atlantis Ocean",
                "The Arch",
                "The Arch - Rabbitfish",
                "Harvesters Spike",
                "Harvesters Spike - Sawfish",
                "Harvesters Spike - Bluefin Tuna",
                "Mushgrove Water",
                "Mushgrove Water - Grey Carp",
                "Mushgrove Water - Bowfin",
                "Mushgrove Water - Alligator",
                "Mushgrove Water - Marsh Gar",
                "Scallop Ocean",
                "Moosewood Docks",
                "Moosewood Docks - Flounder",
                "Moosewood Ocean",
                "Moosewood Ocean - Anchovy",
                "Moosewood Ocean Mythical",
                "Moosewood Pond",
                "Moosewood Pond - Goldfish",
                "Moosewood Pond - Carp",
                "Moosewood Pond - Pike",
                "Ancient Isle Ocean",
                "Ancient Isle Ocean - Anomalocaris",
                "Ancient Isle Ocean - Cobia",
                "Ancient Isle Pond",
                "Ancient Isle Waterfall",
                "Ancient Isle Waterfall - Leedsichthys",
                "Poseidon Pool",
                "Sunken's Depth",
                "Ethereal Abyss",
                "Zeus Pool",
                "Notes Island Pool",
                "Snowcap Ocean",
                "Snowcap Ocean - Lingcod",
                "Snowcap Ocean - Glacierfish",
                "Snowcap Ocean - Herring",
                "Snowcap Ocean - Red Drum",
                "Snowcap Ocean - Pollock",
                "Snowcap Ocean - Arctic Char",
                "Snowcap Pond",
                "Snowcap Pond - Sturgeon",
                "Snowcap Pond - Glacier Pike",
                "Snowcap Pond - Burbot",
                "Terrapin Ocean",
                "Terrapin Ocean - Walleye",
                "Terrapin Ocean - Redeye Bass",
                "Terrapin Ocean - Golden Smallmouth Bass",
                "Terrapin Ocean - White Bass",
                "Terrapin Ocean - Chinook Salmon",
                "Sunstone Hidden",
                "Terrapin Olm",
                "Terrapin Olm - Olm",
                "Forsaken Shores Ocean",
                "Forsaken Shores Ocean - Golden Seahorse",
                "Forsaken Shores Pond",
                "Brine Pool Water"
            }
        },
        HasAbundance = {
            ["The Depths"] = true,
            ["Ancient Isle Waterfall"] = true,
            Sunstone = true,
            ["Mushgrove Water"] = true,
            ["Snowcap Ocean"] = true,
            ["Desolate Deep"] = true,
            ["Forsaken Shores"] = true,
            ["Keepers Altar"] = true,
            Vertigo = true,
            ["Forsaken Shores Ocean"] = true,
            ["Roslit Bay Ocean"] = true,
            ["Terrapin Olm"] = true,
            Ocean = true,
            ["Roslit Pond"] = true,
            ["Ancient Isle Ocean"] = true,
            ["Snowcap Pond"] = true,
            ["Moosewood Pond"] = true,
            ["Roslit Bay"] = true,
            ["Moosewood Ocean"] = true,
            ["Roslit Bay Clam"] = true,
            ["Terrapin Ocean"] = true,
            ["Moosewood Docks"] = true,
            ["Harvesters Spike"] = true,
            ["The Arch"] = true
        },
        Unsafe = {
            CFrames = {
                ["The Depths"] = CFrame.new(568.15270996094, -698.88110351562, 1230.8479003906, -1, 0, 0, 0, 1, 0, 0, 0, -1),
                Roslit = CFrame.new(-1476.5114746094, 133.16842651367, 671.68530273438, 0, 0, -1, 0, 1, 0, 1, 0, 0),
                ["Ancient Isle"] = CFrame.new(6062.8764648438, 201.4181060791, 306.62884521484, -0.35544085502625, 0, -0.93469870090485, 0, 1, 0, 0.93469870090485, 0, -0.35544085502625),
                ["Sunstone - Red Tang"] = CFrame.new(-1190.3768310547, 26.385051727295, -1217.0307617188, 1, 0, 0, 0, 1, 0, 0, 0, 1),
                ["Grand Reef"] = CFrame.new(-3565.7670898438, 157.36061096191, 535.24652099609, -0.4578446149826, 0, -0.88903224468231, 0, 1, 0, 0.88903224468231, 0, -0.4578446149826),
                ["Snowcap Ocean - Lingcod"] = CFrame.new(2815.5349121094, 54.988708496094, 2809.0451660156, 0.31179809570312, 0, 0.95014840364456, 0, 1, 0, -0.95014840364456, 0, 0.31179809570312),
                ["Forsaken Shores Pond"] = CFrame.new(-2781.4636230469, 217.44567871094, 1709.1329345703, -0.49995946884155, 0, -0.86604881286621, 0, 1, 0, 0.86604881286621, 0, -0.49995946884155),
                ["Roslit Bay Ocean - Squid"] = CFrame.new(-2123.0400390625, 26.385051727295, 601.70068359375, 1, 0, 0, 0, 1, 0, 0, 0, 1),
                ["Moosewood Pond"] = CFrame.new(538.03948974609, 137.41000366211, 330.94012451172, 0.87967151403427, -0, -0.47558176517487, 0, 1, -0, 0.47558176517487, 0, 0.87967151403427),
                ["Volcanic Vents"] = CFrame.new(-3376.0080566406, -2260.0668945312, 3822.3908691406, -0.82528078556061, 0, 0.56472253799438, 0, 1, 0, -0.56472253799438, 0, -0.82528078556061),
                ["Forsaken Shores Ocean - Golden Seahorse"] = CFrame.new(-3069.1354980469, 100.32252502441, 1487.6958007812, 0.17362433671951, -0, -0.9848119020462, 0, 1, -0, 0.9848119020462, 0, 0.17362433671951),
                ["Sunstone - Trumpetfish"] = CFrame.new(-795.01556396484, 26.385051727295, -1334.5406494141, 1, 0, 0, 0, 1, 0, 0, 0, 1),
                ["The Depths - Frilled Shark"] = CFrame.new(745.83013916016, -770.31146240234, 1250.1755371094, 0.99111807346344, -0, -0.13298490643501, 0, 1, -0, 0.13298490643501, 0, 0.99111807346344),
                ["Atlantean Storm"] = CFrame.new(-3827.2763671875, 11.702537536621, 372.40759277344, 0, 0, -1, 0, 1, 0, 1, 0, 0),
                ["Abyssal Zenith"] = CFrame.new(-13518.84765625, -11050.122070312, 116.59420776367, -0.82528078556061, 0, 0.56472253799438, 0, 1, 0, -0.56472253799438, 0, -0.82528078556061),
                ["Forsaken Shores Ocean"] = CFrame.new(-3592.0354003906, 100.32252502441, 1604.7957763672, 0.17362433671951, -0, -0.9848119020462, 0, 1, -0, 0.9848119020462, 0, 0.17362433671951),
                ["Terrapin Olm - Olm"] = CFrame.new(98.557067871094, 97.885055541992, 1984.5316162109, -0.019799709320068, 0, 0.99980390071869, 0, 1, 0, -0.99980390071869, 0, -0.019799709320068),
                ["Roslit Bay Ocean"] = CFrame.new(-1752.1416015625, 26.385051727295, 390.14465332031, 1, 0, 0, 0, 1, 0, 0, 0, 1),
                ["Terrapin Olm"] = CFrame.new(22.064390182495, 98.385055541992, 1944.3679199219, -0.019799709320068, 0, 0.99980390071869, 0, 1, 0, -0.99980390071869, 0, -0.019799709320068),
                Terrapin = CFrame.new(-143.83850097656, 144.16583251953, 1909.5109863281, -0.16683542728424, 0.012249407358468, -0.98590868711472, 0.033638164401054, 0.99941146373749, 0.0067249219864607, 0.98541074991226, -0.032042197883129, -0.16714930534363),
                ["The Depths - Goblin Shark"] = CFrame.new(841.05627441406, -770.31146240234, 1246.1633300781, 0.99111807346344, -0, -0.13298490643501, 0, 1, -0, 0.13298490643501, 0, 0.99111807346344),
                ["Sunstone Hidden"] = CFrame.new(-1139.3863525391, 26.385051727295, -1076.2637939453, 0.73157435655594, -0, -0.68176174163818, 0, 1, -0, 0.68176174163818, 0, 0.73157435655594),
                ["Ancient Archives"] = CFrame.new(-3155.0222167969, -747.66784667969, 2193.1369628906, 1, 0, 0, 0, 1, 0, 0, 0, 1),
                ["Ancient Isle Waterfall - Leedsichthys"] = CFrame.new(6043.25, 373.42501831055, 634.20434570312, 0.76606124639511, 0, 0.64276760816574, 0, 1, 0, -0.64276760816574, 0, 0.76606124639511),
                Snowcap = CFrame.new(2648.67578125, 142.06605529785, 2521.2973632812, 0.46483319997787, 0, 0.88539826869965, 0, 1, 0, -0.88539826869965, 0, 0.46483319997787),
                ["The Arch - Rabbitfish"] = CFrame.new(1073.7388916016, 26.385051727295, -1203.4940185547, 0.93546175956726, -0, -0.3534280359745, 0, 1, -0, 0.3534280359745, 0, 0.93546175956726),
                ["Ocean - Halibut"] = CFrame.new(-714.98315429688, 26.385051727295, -459.97912597656, -1, 0, 0, 0, 1, 0, 0, 0, -1),
                ["Roslit Pond - Arapaima"] = CFrame.new(-1761.3842773438, 134.45381164551, 596.43194580078, -0.89723098278046, 0, 0.44156169891357, 0, 1, 0, -0.44156169891357, 0, -0.89723098278046),
                ["Moosewood Pond - Pike"] = CFrame.new(526.18145751953, 137.41000366211, 285.77331542969, 0.97584927082062, 0, 0.21844488382339, 0, 1, 0, -0.21844488382339, 0, 0.97584927082062),
                ["Keepers Altar - Bluefish"] = CFrame.new(1329.8454589844, -940.66223144531, -128.71649169922, 0.99729543924332, 0, 0.073496617376804, 0, 1, 0, -0.073496617376804, 0, 0.99729543924332),
                ["Roslit Bay Ocean - Halibut"] = CFrame.new(-1825.3913574219, 26.385051727295, 946.61779785156, 0.98940920829773, -0, -0.14515306055546, 0, 1, -0, 0.14515306055546, 0, 0.98940920829773),
                ["Sunstone - Chinfish"] = CFrame.new(-651.26794433594, 26.385051727295, -988.52484130859, 0.87737393379211, -0, -0.47980725765228, 0, 1, -0, 0.47980725765228, 0, 0.87737393379211),
                ["Roslit Bay - Nurse Shark"] = CFrame.new(-1650.7337646484, 100.14752960205, 504.35168457031, 1, 0, 0, 0, 1, 0, 0, 0, 1),
                ["Moosewood Pond - Carp"] = CFrame.new(558.07366943359, 137.41000366211, 297.34213256836, 0.87967151403427, -0, -0.47558176517487, 0, 1, -0, 0.47558176517487, 0, 0.87967151403427),
                ["Ancient Isle Waterfall"] = CFrame.new(5951.7221679688, 216.18504333496, 502.17401123047, 0.70713424682617, 0, 0.70707929134369, 0, 1, 0, -0.70707929134369, 0, 0.70713424682617),
                ["Terrapin Ocean - Chinook Salmon"] = CFrame.new(-335.06295776367, 26.385051727295, 1540.0164794922, -0.52476477622986, 0, 0.85124731063843, 0, 1, 0, -0.85124731063843, 0, -0.52476477622986),
                ["Roslit Bay - Blue Tang"] = CFrame.new(-1469.1256103516, 100.14752960205, 525.2998046875, 0.99024629592896, -0, -0.13932803273201, 0, 1, -0, 0.13932803273201, 0, 0.99024629592896),
                ["Ancient Isle Ocean"] = CFrame.new(5833.3159179688, 26.625051498413, 401.36932373047, 0.8191556930542, -0, -0.5735712647438, 0, 1, -0, 0.5735712647438, 0, 0.8191556930542),
                ["Deep Ocean"] = CFrame.new(9713.0703125, 26.385051727295, -7639.3178710938, 1, 0, 0, 0, 1, 0, 0, 0, 1),
                ["Terrapin Ocean - Golden Smallmouth Bass"] = CFrame.new(97.634788513184, 26.385051727295, 2150.4809570312, -0.20636403560638, 0, 0.97847527265549, 0, 1, 0, -0.97847527265549, 0, -0.20636403560638),
                ["Desolate Deep"] = CFrame.new(-1660.4844970703, -213.97938537598, -2822.8237304688, 0.028362333774567, 0, 0.99959772825241, 0, 1, 0, -0.99959772825241, 0, 0.028362333774567),
                ["The Depths - Serpent"] = CFrame.new(1247.4129638672, -750.5, 1198.9499511719, -1, 0, 0, 0, 1, 0, 0, 0, -1),
                ["Forsaken Shores"] = CFrame.new(-2489.4091796875, 132.93493652344, 1566.6665039062, 0, 0, -1, 0, 1, 0, 1, 0, 0),
                ["Terrapin Ocean - Redeye Bass"] = CFrame.new(-58.925178527832, 26.385051727295, 2312.4533691406, 0.010714054107666, 0, 0.99994260072708, 0, 1, 0, -0.99994260072708, 0, 0.010714054107666),
                ["Terrapin Ocean - Walleye"] = CFrame.new(-225.36364746094, 26.385051727295, 2150.5415039062, -0.52392303943634, 0, 0.85176599025726, 0, 1, 0, -0.85176599025726, 0, -0.52392303943634),
                ["Desolate Deep - Banditfish"] = CFrame.new(-1525.2075195312, -306.58212280273, -2858.9333496094, 0, 0, 1, 0, 1, -0, -1, 0, 0),
                ["Moosewood Docks - Flounder"] = CFrame.new(315.45291137695, 54.988708496094, 214.88592529297, 1, 0, 0, 0, 1, 0, 0, 0, 1),
                ["Challengers Deep"] = CFrame.new(-763.79107666016, -3283.1384277344, -657.49633789062, -0.82528078556061, 0, 0.56472253799438, 0, 1, 0, -0.56472253799438, 0, -0.82528078556061),
                ["Frigid Cavern"] = CFrame.new(19759.77734375, 420.98226928711, 5402.3203125, -0.52804124355316, 0, -0.84921878576279, 0, 1, 0, 0.84921878576279, 0, -0.52804124355316),
                ["Sunstone - Sunfish"] = CFrame.new(-971.62548828125, 26.385051727295, -1433.9410400391, -0.7329009771347, 0, 0.68033528327942, 0, 1, 0, -0.68033528327942, 0, -0.7329009771347),
                ["Snowcap Ocean - Glacierfish"] = CFrame.new(2850.3215332031, 54.988708496094, 2661.5300292969, 0.22571176290512, 0, 0.97419416904449, 0, 1, 0, -0.97419416904449, 0, 0.22571176290512),
                ["Forsaken Shores - Cutlass Fish"] = CFrame.new(-2635.0942382812, 100.32252502441, 1409.7601318359, 0.17362433671951, -0, -0.9848119020462, 0, 1, -0, 0.9848119020462, 0, 0.17362433671951),
                ["Snowcap Pond"] = CFrame.new(2796.53125, 262.70303344727, 2593.3337402344, -0.019799709320068, 0, 0.99980390071869, 0, 1, 0, -0.99980390071869, 0, -0.019799709320068),
                ["Poseidon Pool"] = CFrame.new(-3984.8493652344, -575.02471923828, 935.83856201172, 0.70713424682617, 0, 0.70707929134369, 0, 1, 0, -0.70707929134369, 0, 0.70713424682617),
                ["Snowcap Ocean - Arctic Char"] = CFrame.new(2342.9968261719, 54.988708496094, 2206.6640625, 0.36889517307281, 0, 0.92947113513947, 0, 1, 0, -0.92947113513947, 0, 0.36889517307281),
                ["Ocean - Haddock"] = CFrame.new(-499.98315429688, 26.385051727295, -459.97912597656, -1, 0, 0, 0, 1, 0, 0, 0, -1),
                ["Forsaken Shores - Scurvy Sailfish"] = CFrame.new(-2419.7941894531, 100.32252502441, 1440.2601318359, 0.17362433671951, -0, -0.9848119020462, 0, 1, -0, 0.9848119020462, 0, 0.17362433671951),
                ["Harvesters Spike - Sawfish"] = CFrame.new(-1459.9963378906, 26.385051727295, 1749.4107666016, 1, 0, 0, 0, 1, 0, 0, 0, 1),
                ["Roslit Bay Clam"] = CFrame.new(-2134.6323242188, 54.988708496094, 404.65942382812, 1, 0, 0, 0, 1, 0, 0, 0, 1),
                ["Snowcap Ocean - Pollock"] = CFrame.new(2571.1105957031, 54.988708496094, 2367.5446777344, 0.36889517307281, 0, 0.92947113513947, 0, 1, 0, -0.92947113513947, 0, 0.36889517307281),
                ["Vertigo - Spiderfish"] = CFrame.new(-161.56153869629, -808.45892333984, 1205.9916992188, 0.99974620342255, 0, 0.022528620436788, 0, 1, 0, -0.022528620436788, 0, 0.99974620342255),
                ["Moosewood Ocean"] = CFrame.new(890.44067382812, 54.988708496094, 465.46496582031, 0.97165989875793, -0, -0.23638333380222, 0, 1, -0, 0.23638333380222, 0, 0.97165989875793),
                ["Sunstone - Sweetfish"] = CFrame.new(-943.97351074219, 26.385051727295, -1101.9276123047, 0.60473561286926, 0, 0.79642641544342, 0, 1, 0, -0.79642641544342, 0, 0.60473561286926),
                ["Ocean - Cod"] = CFrame.new(-619.48315429688, 26.385051727295, -158.47912597656, 0, 0, -1, 0, 1, 0, 1, 0, 0),
                ["Moosewood Ocean Mythical"] = CFrame.new(697.75567626953, 54.988708496094, 316.38439941406, 1, 0, 0, 0, 1, 0, 0, 0, 1),
                ["Snowcap Ocean - Herring"] = CFrame.new(2583.9321289062, 54.988708496094, 2526.1098632812, -0.09690272808075, 0, 0.9952939748764, 0, 1, 0, -0.9952939748764, 0, -0.09690272808075),
                ["Moosewood Island"] = CFrame.new(349.3251953125, 141.40264892578, 327.74783325195, 0.67100328207016, 0, -0.74145436286926, 0, 1, 0, 0.74145436286926, 0, 0.67100328207016),
                ["Snowcap Pond - Sturgeon"] = CFrame.new(2815.3503417969, 262.70303344727, 2593.1728515625, 0.25402212142944, 0, 0.96719843149185, 0, 1, 0, -0.96719843149185, 0, 0.25402212142944),
                ["Snowcap Ocean"] = CFrame.new(3057.3940429688, 54.988708496094, 2604.6586914062, 0.96853667497635, -0, -0.24887086451054, 0, 1, -0, 0.24887086451054, 0, 0.96853667497635),
                ["Notes Island Pool"] = CFrame.new(-185.0119934082, 1583.1497802734, 16983.15234375, 1, 0, 0, 0, 1, 0, 0, 0, 1),
                ["Roslit Bay Clam - Clam"] = CFrame.new(-1917.7944335938, 54.988708496094, 707.83685302734, 1, 0, 0, 0, 1, 0, 0, 0, 1),
                ["Zeus Pool"] = CFrame.new(-4298.6284179688, -643.90972900391, 2714.1125488281, 0.70713424682617, 0, 0.70707929134369, 0, 1, 0, -0.70707929134369, 0, 0.70713424682617),
                ["Roslit Pond"] = CFrame.new(-1811.9697265625, 134.95381164551, 592.64276123047, 0.83553540706635, 0, 0.54943668842316, 0, 1, 0, -0.54943668842316, 0, 0.83553540706635),
                Mushgrove = CFrame.new(2501.4858398438, 130.75833129883, -720.69946289062, 0, 0, -1, 0, 1, 0, 1, 0, 0),
                ["Ethereal Abyss"] = CFrame.new(-3754.2492675781, -578.83087158203, 1832.138671875, 1, 0, 0, 0, 1, 0, 0, 0, 1),
                ["Ocean - Sardine"] = CFrame.new(-394.11227416992, 26.385051727295, 608.03186035156, -1, 0, 0, 0, 1, 0, 0, 0, -1),
                ["Sunken's Depth"] = CFrame.new(-4958.2504882812, -608.43780517578, 1824.7980957031, 0.70713424682617, 0, 0.70707929134369, 0, 1, 0, -0.70707929134369, 0, 0.70713424682617),
                ["Atlantis Ocean"] = CFrame.new(-4309.107421875, -612.47747802734, 1835.9608154297, 1, 0, 0, 0, 1, 0, 0, 0, 1),
                ["Ancient Isle Ocean - Cobia"] = CFrame.new(5983.1484375, 26.625051498413, 1007.880859375, 1, 0, 0, 0, 1, 0, 0, 0, 1),
                ["Moosewood Pond - Goldfish"] = CFrame.new(526.52893066406, 137.41000366211, 307.70394897461, 0.94266104698181, 0, 0.33375161886215, 0, 1, 0, -0.33375161886215, 0, 0.94266104698181),
                ["Roslit Bay - Angelfish"] = CFrame.new(-1493.5131835938, 100.14752960205, 593.72473144531, 0.97239488363266, -0, -0.23334132134914, 0, 1, -0, 0.23334132134914, 0, 0.97239488363266),
                ["Harvesters Spike - Bluefin Tuna"] = CFrame.new(-1299.6938476562, 26.385051727295, 1515.7259521484, 1, 0, 0, 0, 1, 0, 0, 0, 1),
                ["Terrapin Ocean - White Bass"] = CFrame.new(-58.220115661621, 26.385051727295, 2022.6390380859, -0.019799709320068, 0, 0.99980390071869, 0, 1, 0, -0.99980390071869, 0, -0.019799709320068),
                ["Moosewood Ocean - Anchovy"] = CFrame.new(425.80786132812, 54.988708496094, 623.16082763672, 0.97165989875793, -0, -0.23638333380222, 0, 1, -0, 0.23638333380222, 0, 0.97165989875793),
