return {
    NPCs = {
        Appraiser = CFrame.new(141.73913574219, 117.92318725586, 704.03479003906, 0.99888116121292, 0, 0.047291241586208, 0, 1, 0, -0.047291241586208, 0, 0.99888116121292),
        ["Waveborne Shipwright"] = CFrame.new(391.24557495117, 86.797554016113, 824.30059814453, 0.81655073165894, 0, -0.57727372646332, 0, 1, 0, 0.57727372646332, 0, 0.81655073165894),
        ["Waveborne Angler"] = CFrame.new(58.444675445557, 161.09379577637, 860.08660888672, 0.82538282871246, 0, -0.56457340717316, 0, 1, 0, 0.56457340717316, 0, 0.82538282871246)
    },
    Locations = {
        Safe = {
            CFrames = {
                ["Emberreach Ponds"] = CFrame.new(2935.9064941406, 182.97348022461, 439.69427490234, 1, 0, 0, 0, 1, 0, 0, 0, 1),
                Waveborne = CFrame.new(444.02059936523, 82.187675476074, 810.67791748047, 1, 0, 0, 0, 1, 0, 0, 0, 1),
                ["Azure Lagoon"] = CFrame.new(1349.2205810547, 102.68767547607, 2259.0783691406, 1, 0, 0, 0, 1, 0, 0, 0, 1),
                ["The Cursed Shores"] = CFrame.new(-220.32946777344, 90.037673950195, 1957.4782714844, 1, 0, 0, 0, 1, 0, 0, 0, 1),
                Emberreach = CFrame.new(3104.7194824219, 141.6725769043, 487.33245849609, 1, 0, 0, 0, 1, 0, 0, 0, 1),
                Lushgrove = CFrame.new(978.07061767578, 148.83767700195, -778.07202148438, 1, 0, 0, 0, 1, 0, 0, 0, 1),
                ["Emberreach Lava"] = CFrame.new(3478.3139648438, 682.85736083984, 521.52136230469, 1, 0, 0, 0, 1, 0, 0, 0, 1),
                ["Pine Shoal"] = CFrame.new(1185.4705810547, 82.187675476074, 495.32800292969, 1, 0, 0, 0, 1, 0, 0, 0, 1),
                ["Isle of New Beginnings"] = CFrame.new(-383.5793762207, 82.687675476074, -544.97192382812, 0, 0, 1, 0, 1, 0, -1, 0, 0),
                ["Open Ocean"] = CFrame.new(5351.51171875, -11.371868133545, -714.89050292969, 1, 0, 0, 0, 1, 0, 0, 0, 1)
            },
            Names = {
                "Azure Lagoon",
                "Emberreach",
                "Isle of New Beginnings",
                "Lushgrove",
                "Open Ocean",
                "Pine Shoal",
                "The Cursed Shores",
                "Waveborne",
                "Emberreach Lava",
                "Emberreach Ponds"
            }
        },
        HasAbundance = {},
        Unsafe = {
            CFrames = {
                ["Emberreach Ponds"] = CFrame.new(2935.9064941406, 140.04440307617, 439.69427490234, 1, 0, 0, 0, 1, 0, 0, 0, 1),
                Waveborne = CFrame.new(444.02059936523, 82.187675476074, 810.67791748047, 1, 0, 0, 0, 1, 0, 0, 0, 1),
                ["Azure Lagoon"] = CFrame.new(1349.2205810547, 102.68767547607, 2259.0783691406, 1, 0, 0, 0, 1, 0, 0, 0, 1),
                ["The Cursed Shores"] = CFrame.new(-220.32946777344, 90.037673950195, 1957.4782714844, 1, 0, 0, 0, 1, 0, 0, 0, 1),
                Emberreach = CFrame.new(3104.7194824219, 58.022998809814, 487.33251953125, 1, 0, 0, 0, 1, 0, 0, 0, 1),
                Lushgrove = CFrame.new(978.07061767578, 148.83767700195, -778.07202148438, 1, 0, 0, 0, 1, 0, 0, 0, 1),
                ["Emberreach Lava"] = CFrame.new(3478.3139648438, 701.27453613281, 521.52136230469, -0.96598494052887, 0.019054109230638, 0.25789546966553, 0.0021595768630505, 0.99784141778946, -0.065634585916996, -0.25858938694, -0.062845073640347, -0.96394097805023),
                ["Pine Shoal"] = CFrame.new(1185.4705810547, 82.187675476074, 495.32800292969, 1, 0, 0, 0, 1, 0, 0, 0, 1),
                ["Isle of New Beginnings"] = CFrame.new(-383.5793762207, 82.687675476074, -544.97192382812, 0, 0, 1, 0, 1, 0, -1, 0, 0),
                ["Open Ocean"] = CFrame.new(5351.5122070312, 58.022998809814, -714.89135742188, 1, 0, 0, 0, 1, 0, 0, 0, 1)
            },
            Names = {
                "Azure Lagoon",
                "Emberreach",
                "Isle of New Beginnings",
                "Lushgrove",
                "Open Ocean",
                "Pine Shoal",
                "The Cursed Shores",
                "Waveborne",
                "Emberreach Lava",
                "Emberreach Ponds"
            }
        }
    },
    SpecialEvents = {},
    ZonesAliases = {
        ["Challenger's Deep"] = "Challengers Deep",
        ["Veil of the Forsaken"] = "Forsaken Veil"
    },
    Interactables = {}
}