return {
    NPCs = {
        Appraiser = CFrame.new(141.73913574219, 117.92318725586, 704.03479003906, 0.99888116121292, 0, 0.047291241586208, 0, 1, 0, -0.047291241586208, 0, 0.99888116121292),
        ["Waveborne Shipwright"] = CFrame.new(391.24557495117, 86.797554016113, 824.30059814453, 0.81655073165894, 0, -0.57727372646332, 0, 1, 0, 0.57727372646332, 0, 0.81655073165894),
        ["Waveborne Angler"] = CFrame.new(58.444675445557, 161.09379577637, 860.08660888672, 0.82538282871246, 0, -0.56457340717316, 0, 1, 0, 0.56457340717316, 0, 0.82538282871246),
        ["Sea Traveler"] = CFrame.new(451.94094848633, 82.37574005127, 797.10198974609, 0.49325406551361, 0.13395583629608, 0.85950928926468, -0.05483016371727, 0.99089503288269, -0.12296664714813, -0.86815559864044, 0.013526750728488, 0.4961077272892)
    },
    Locations = {
        Safe = {
            CFrames = {
                ["Emberreach Ponds"] = CFrame.new(2935.9064941406, 182.97348022461, 439.69427490234, 1, 0, 0, 0, 1, 0, 0, 0, 1),
                Waveborne = CFrame.new(444.02056884766, 82.187675476074, 806.67797851562, 1, 0, 0, 0, 1, 0, 0, 0, 1),
                ["Whale Interior"] = CFrame.new(-26.987213134766, -1294.5367431641, -2124.57421875, 1, 0, 0, 0, 1, 0, 0, 0, 1),
                ["Azure Lagoon"] = CFrame.new(1349.2205810547, 102.68767547607, 2259.0783691406, 1, 0, 0, 0, 1, 0, 0, 0, 1),
                ["The Cursed Shores"] = CFrame.new(-220.32946777344, 90.037673950195, 1957.4782714844, 1, 0, 0, 0, 1, 0, 0, 0, 1),
                ["Emberreach Lava"] = CFrame.new(3436.2956542969, 68.675720214844, 530.42559814453, 0.93970054388046, -0, -0.34199836850166, 0, 1, -0, 0.34199836850166, 0, 0.93970054388046),
                Emberreach = CFrame.new(3104.7194824219, 141.6725769043, 487.33245849609, 1, 0, 0, 0, 1, 0, 0, 0, 1),
                ["Treasure Island"] = CFrame.new(-1449.2111816406, 98.992622375488, -12238.346679688, 0.85590320825577, 0, -0.51713609695435, 0, 1, 0, 0.51713609695435, 0, 0.85590320825577),
                ["Isle of New Beginnings"] = CFrame.new(-383.5793762207, 82.687675476074, -544.97192382812, 0, 0, 1, 0, 1, 0, -1, 0, 0),
                Lushgrove = CFrame.new(978.07055664062, 148.83767700195, -782.07196044922, 1, 0, 0, 0, 1, 0, 0, 0, 1),
                ["Open Ocean"] = CFrame.new(-7319.4379882812, 58.022998809814, 1315.8087158203, 1, 0, 0, 0, 1, 0, 0, 0, 1),
                ["Pine Shoal"] = CFrame.new(1185.4705810547, 82.187675476074, 495.32800292969, 1, 0, 0, 0, 1, 0, 0, 0, 1),
                ["Carrot Garden"] = CFrame.new(1263.1662597656, -621.01727294922, -1068.3046875, 0.85590320825577, 0, -0.51713609695435, 0, 1, 0, 0.51713609695435, 0, 0.85590320825577),
                ["Carrot Garden - "] = CFrame.new(1254.3350830078, -556.57745361328, -1088.8353271484, 1, 0, 0, 0, 1, 0, 0, 0, 1)
            },
            Names = {
                "Azure Lagoon",
                "Carrot Garden",
                "Carrot Garden - ",
                "Emberreach",
                "Isle of New Beginnings",
                "Lushgrove",
                "Open Ocean",
                "Pine Shoal",
                "The Cursed Shores",
                "Treasure Island",
                "Waveborne",
                "Whale Interior",
                "Emberreach Ponds",
                "Emberreach Lava"
            }
        },
        HasAbundance = {
            ["Carrot Garden"] = true
        },
        Unsafe = {
            CFrames = {
                ["Emberreach Ponds"] = CFrame.new(2935.9064941406, 140.04440307617, 439.69427490234, 1, 0, 0, 0, 1, 0, 0, 0, 1),
                Waveborne = CFrame.new(444.02056884766, 82.187675476074, 806.67797851562, 1, 0, 0, 0, 1, 0, 0, 0, 1),
                ["Whale Interior"] = CFrame.new(-26.987213134766, -1359.9420166016, -2124.57421875, 1, 0, 0, 0, 1, 0, 0, 0, 1),
                ["Azure Lagoon"] = CFrame.new(1349.2205810547, 102.68767547607, 2259.0783691406, 1, 0, 0, 0, 1, 0, 0, 0, 1),
                ["The Cursed Shores"] = CFrame.new(-220.32946777344, 90.037673950195, 1957.4782714844, 1, 0, 0, 0, 1, 0, 0, 0, 1),
                ["Emberreach Lava"] = CFrame.new(3436.2956542969, 68.675720214844, 530.42559814453, 0.93970054388046, -0, -0.34199836850166, 0, 1, -0, 0.34199836850166, 0, 0.93970054388046),
                Emberreach = CFrame.new(3104.7194824219, 58.022998809814, 487.33251953125, 1, 0, 0, 0, 1, 0, 0, 0, 1),
                ["Treasure Island"] = CFrame.new(-1449.2111816406, 98.992622375488, -12238.346679688, 0.85590320825577, 0, -0.51713609695435, 0, 1, 0, 0.51713609695435, 0, 0.85590320825577),
                ["Isle of New Beginnings"] = CFrame.new(-383.5793762207, 82.687675476074, -544.97192382812, 0, 0, 1, 0, 1, 0, -1, 0, 0),
                Lushgrove = CFrame.new(978.07055664062, 148.83767700195, -782.07196044922, 1, 0, 0, 0, 1, 0, 0, 0, 1),
                ["Open Ocean"] = CFrame.new(-7319.4379882812, 58.022998809814, 1315.8087158203, 1, 0, 0, 0, 1, 0, 0, 0, 1),
                ["Pine Shoal"] = CFrame.new(1185.4705810547, 82.187675476074, 495.32800292969, 1, 0, 0, 0, 1, 0, 0, 0, 1),
                ["Carrot Garden"] = CFrame.new(1263.1662597656, -621.01727294922, -1068.3046875, 0.85590320825577, 0, -0.51713609695435, 0, 1, 0, 0.51713609695435, 0, 0.85590320825577),
                ["Carrot Garden - "] = CFrame.new(1254.3350830078, -626.52026367188, -1088.8353271484, 0.82034778594971, -0.00040229089790955, 0.57186484336853, 9.1832014732063e-05, 0.99999982118607, 0.0005717376479879, -0.57186496257782, -0.00041650817729533, 0.82034766674042)
            },
            Names = {
                "Azure Lagoon",
                "Carrot Garden",
                "Carrot Garden - ",
                "Emberreach",
                "Isle of New Beginnings",
                "Lushgrove",
                "Open Ocean",
                "Pine Shoal",
                "The Cursed Shores",
                "Treasure Island",
                "Waveborne",
                "Whale Interior",
                "Emberreach Ponds",
                "Emberreach Lava"
            }
        }
    },
    Interactables = {
        ["Enchant Altar"] = CFrame.new(1585.9517822266, -1513.8800048828, -775.00640869141, 0.99997305870056, 0, 0.0073373215273023, 0, 1, 0, -0.0073373215273023, 0, 0.99997305870056)
    },
    SpecialEvents = {
        "LEGO",
        "Blue Moon Pool",
        "Octophant Pool",
        "Animal Pool"
    },
    ZonesAliases = {},
    SpecialEventsAliases = {
        ["Blue Moon Pool"] = {
            "Blue Moon Pool",
            "Blue Moon - Second Sea"
        },
        ["Octophant Pool"] = {
            "Octophant Pool Without Elephant",
            "Octophant Pool With Elephant"
        },
        ["Animal Pool"] = {
            "Animal Pool",
            "Animal Pool - Second Sea"
        }
    }
}