return {
    NPCs = {
        Appraiser = CFrame.new(141.73913574219, 117.92318725586, 704.03479003906, 0.99888116121292, 0, 0.047291241586208, 0, 1, 0, -0.047291241586208, 0, 0.99888116121292),
        ["Waveborne Shipwright"] = CFrame.new(391.24557495117, 86.797554016113, 824.30059814453, 0.81655073165894, 0, -0.57727372646332, 0, 1, 0, 0.57727372646332, 0, 0.81655073165894),
        ["Waveborne Angler"] = CFrame.new(58.444675445557, 161.09379577637, 860.08660888672, 0.82538282871246, 0, -0.56457340717316, 0, 1, 0, 0.56457340717316, 0, 0.82538282871246),
        ["Sea Traveler"] = CFrame.new(451.94573974609, 82.380058288574, 797.23187255859, 0.49118161201477, 0.14166596531868, 0.8594599366188, -0.070225015282631, 0.98991447687149, -0.12303537130356, -0.86822175979614, 7.7133998274803e-05, 0.49617633223534)
    },
    Locations = {
        Safe = {
            CFrames = {
                ["Emberreach Ponds"] = CFrame.new(2935.9064941406, 182.97348022461, 439.69427490234, 1, 0, 0, 0, 1, 0, 0, 0, 1),
                Waveborne = CFrame.new(444.02056884766, 82.187675476074, 806.67797851562, 1, 0, 0, 0, 1, 0, 0, 0, 1),
                ["Whale Interior"] = CFrame.new(-26.987213134766, -1294.5367431641, -2124.57421875, 1, 0, 0, 0, 1, 0, 0, 0, 1),
                ["Azure Lagoon"] = CFrame.new(1349.2205810547, 102.68767547607, 2259.0783691406, 1, 0, 0, 0, 1, 0, 0, 0, 1),
                ["The Cursed Shores"] = CFrame.new(-220.32946777344, 90.037673950195, 1957.4782714844, 1, 0, 0, 0, 1, 0, 0, 0, 1),
                ["Emberreach Lava"] = CFrame.new(3335.8583984375, 549.70159912109, 380.68368530273, 1, 0, 0, 0, 1, 0, 0, 0, 1),
                Emberreach = CFrame.new(3104.7194824219, 141.6725769043, 487.33245849609, 1, 0, 0, 0, 1, 0, 0, 0, 1),
                ["Treasure Island"] = CFrame.new(-1449.2111816406, 98.992622375488, -12238.346679688, 0.85590320825577, 0, -0.51713609695435, 0, 1, 0, 0.51713609695435, 0, 0.85590320825577),
                ["Isle of New Beginnings"] = CFrame.new(-379.57949829102, 82.687675476074, -544.97204589844, 0, 0, 1, 0, 1, 0, -1, 0, 0),
                Lushgrove = CFrame.new(978.07055664062, 148.83767700195, -782.07196044922, 1, 0, 0, 0, 1, 0, 0, 0, 1),
                ["Open Ocean"] = CFrame.new(5351.5122070312, 58.022998809814, -7381.791015625, 1, 0, 0, 0, 1, 0, 0, 0, 1),
                ["Pine Shoal"] = CFrame.new(1185.470703125, 82.187675476074, 499.32794189453, 1, 0, 0, 0, 1, 0, 0, 0, 1),
                ["Carrot Garden"] = CFrame.new(1263.1662597656, -621.01727294922, -1068.3046875, 0.85590320825577, 0, -0.51713609695435, 0, 1, 0, 0.51713609695435, 0, 0.85590320825577),
                ["Carrot Garden - "] = CFrame.new(1257.0622558594, -556.57745361328, -1093.7716064453, 1, 0, 0, 0, 1, 0, 0, 0, 1)
            },
            Names = {
                "Azure Lagoon",
                "Carrot Garden",
                "Carrot Garden - ",
                "Emberreach",
                "Isle of New Beginnings",
                "Lushgrove",
                "Open Ocean",
                "Pine Shoal",
                "The Cursed Shores",
                "Treasure Island",
                "Waveborne",
                "Whale Interior",
                "Emberreach Lava",
                "Emberreach Ponds"
            }
        },
        HasAbundance = {
            ["Carrot Garden"] = true
        },
        Unsafe = {
            CFrames = {
                ["Emberreach Ponds"] = CFrame.new(2935.9064941406, 140.04440307617, 439.69427490234, 1, 0, 0, 0, 1, 0, 0, 0, 1),
                Waveborne = CFrame.new(444.02056884766, 82.187675476074, 806.67797851562, 1, 0, 0, 0, 1, 0, 0, 0, 1),
                ["Whale Interior"] = CFrame.new(-26.987213134766, -1359.9420166016, -2124.57421875, 1, 0, 0, 0, 1, 0, 0, 0, 1),
                ["Azure Lagoon"] = CFrame.new(1349.2205810547, 102.68767547607, 2259.0783691406, 1, 0, 0, 0, 1, 0, 0, 0, 1),
                ["The Cursed Shores"] = CFrame.new(-220.32946777344, 90.037673950195, 1957.4782714844, 1, 0, 0, 0, 1, 0, 0, 0, 1),
                ["Emberreach Lava"] = CFrame.new(3335.8583984375, 516.36407470703, 380.68368530273, 0.96136343479156, 0.094296522438526, -0.25862818956375, -0.098208241164684, 0.99516344070435, -0.0022169314324856, 0.25716829299927, 0.027530698105693, 0.96597439050674),
                Emberreach = CFrame.new(3104.7194824219, 58.022998809814, 487.33251953125, 1, 0, 0, 0, 1, 0, 0, 0, 1),
                ["Treasure Island"] = CFrame.new(-1449.2111816406, 98.992622375488, -12238.346679688, 0.85590320825577, 0, -0.51713609695435, 0, 1, 0, 0.51713609695435, 0, 0.85590320825577),
                ["Isle of New Beginnings"] = CFrame.new(-379.57949829102, 82.687675476074, -544.97204589844, 0, 0, 1, 0, 1, 0, -1, 0, 0),
                Lushgrove = CFrame.new(978.07055664062, 148.83767700195, -782.07196044922, 1, 0, 0, 0, 1, 0, 0, 0, 1),
                ["Open Ocean"] = CFrame.new(5351.5122070312, 58.022998809814, -7381.791015625, 1, 0, 0, 0, 1, 0, 0, 0, 1),
                ["Pine Shoal"] = CFrame.new(1185.470703125, 82.187675476074, 499.32794189453, 1, 0, 0, 0, 1, 0, 0, 0, 1),
                ["Carrot Garden"] = CFrame.new(1263.1662597656, -621.01727294922, -1068.3046875, 0.85590320825577, 0, -0.51713609695435, 0, 1, 0, 0.51713609695435, 0, 0.85590320825577),
                ["Carrot Garden - "] = CFrame.new(1257.0622558594, -626.52117919922, -1093.7716064453, 0.82034778594971, -0.00040229089790955, 0.57186484336853, 9.1832014732063e-05, 0.99999982118607, 0.0005717376479879, -0.57186496257782, -0.00041650817729533, 0.82034766674042)
            },
            Names = {
                "Azure Lagoon",
                "Carrot Garden",
                "Carrot Garden - ",
                "Emberreach",
                "Isle of New Beginnings",
                "Lushgrove",
                "Open Ocean",
                "Pine Shoal",
                "The Cursed Shores",
                "Treasure Island",
                "Waveborne",
                "Whale Interior",
                "Emberreach Lava",
                "Emberreach Ponds"
            }
        }
    },
    Interactables = {
        ["Enchant Altar"] = CFrame.new(1585.9517822266, -1513.8800048828, -775.00640869141, 0.99997305870056, 0, 0.0073373215273023, 0, 1, 0, -0.0073373215273023, 0, 0.99997305870056)
    },
    SpecialEvents = {
        "Blue Moon Pool",
        "Octophant Pool",
        "Animal Pool"
    },
    ZonesAliases = {},
    SpecialEventsAliases = {
        ["Blue Moon Pool"] = {
            "Blue Moon Pool",
            "Blue Moon - Second Sea"
        },
        ["Octophant Pool"] = {
            "Octophant Pool Without Elephant",
            "Octophant Pool With Elephant"
        },
        ["Animal Pool"] = {
            "Animal Pool",
            "Animal Pool - Second Sea"
        }
    }
}