return {
    NPCs = {
        Appraiser = CFrame.new(141.73913574219, 117.92318725586, 704.03479003906, 0.99888116121292, 0, 0.047291241586208, 0, 1, 0, -0.047291241586208, 0, 0.99888116121292),
        ["Waveborne Shipwright"] = CFrame.new(391.24557495117, 86.797554016113, 824.30059814453, 0.81655073165894, 0, -0.57727372646332, 0, 1, 0, 0.57727372646332, 0, 0.81655073165894),
        ["Waveborne Angler"] = CFrame.new(58.444675445557, 161.09379577637, 860.08660888672, 0.82538282871246, 0, -0.56457340717316, 0, 1, 0, 0.56457340717316, 0, 0.82538282871246),
        ["Sea Traveler"] = CFrame.new(451.94833374023, 82.360168457031, 796.80480957031, 0.49952042102814, 0.10881498456001, 0.85944092273712, -0.004480239469558, 0.99239099025726, -0.12304401397705, -0.86629050970078, 0.057612497359514, 0.49620711803436)
    },
    Locations = {
        Safe = {
            CFrames = {
                ["Treasure Island - Mutation"] = CFrame.new(-1682.5009765625, 76.164001464844, -12209.239257812, 1, 0, 0, 0, 1, 0, 0, 0, 1),
                ["Emberreach Ponds"] = CFrame.new(2935.9064941406, 182.97348022461, 439.69427490234, 1, 0, 0, 0, 1, 0, 0, 0, 1),
                Waveborne = CFrame.new(444.02059936523, 82.187675476074, 810.67791748047, 1, 0, 0, 0, 1, 0, 0, 0, 1),
                ["Whale Interior"] = CFrame.new(-26.987213134766, -1294.5367431641, -2124.57421875, 1, 0, 0, 0, 1, 0, 0, 0, 1),
                ["Azure Lagoon"] = CFrame.new(1349.2205810547, 102.68767547607, 2255.0783691406, 1, 0, 0, 0, 1, 0, 0, 0, 1),
                ["The Cursed Shores"] = CFrame.new(-220.32946777344, 90.037673950195, 1957.4782714844, 1, 0, 0, 0, 1, 0, 0, 0, 1),
                ["Emberreach Lava"] = CFrame.new(3559.2517089844, 706.44110107422, 532.3828125, 1, 0, 0, 0, 1, 0, 0, 0, 1),
                Emberreach = CFrame.new(3104.7194824219, 141.6725769043, 487.33245849609, 1, 0, 0, 0, 1, 0, 0, 0, 1),
                ["Treasure Island"] = CFrame.new(-1449.2111816406, 98.992622375488, -12238.346679688, 0.85590320825577, 0, -0.51713609695435, 0, 1, 0, 0.51713609695435, 0, 0.85590320825577),
                ["Isle of New Beginnings"] = CFrame.new(-383.5793762207, 82.687675476074, -544.97192382812, 0, 0, 1, 0, 1, 0, -1, 0, 0),
                Lushgrove = CFrame.new(978.07061767578, 148.83767700195, -778.07202148438, 1, 0, 0, 0, 1, 0, 0, 0, 1),
                ["Open Ocean"] = CFrame.new(-2461.9379882812, 58.022998809814, 5302.208984375, 1, 0, 0, 0, 1, 0, 0, 0, 1),
                ["Pine Shoal"] = CFrame.new(1185.470703125, 82.187675476074, 499.32794189453, 1, 0, 0, 0, 1, 0, 0, 0, 1),
                ["Carrot Garden"] = CFrame.new(1263.1662597656, -621.01727294922, -1068.3046875, 0.85590320825577, 0, -0.51713609695435, 0, 1, 0, 0.51713609695435, 0, 0.85590320825577),
                ["Carrot Garden - "] = CFrame.new(1254.3350830078, -556.57745361328, -1088.8353271484, 1, 0, 0, 0, 1, 0, 0, 0, 1)
            },
            Names = {
                "Azure Lagoon",
                "Carrot Garden",
                "Carrot Garden - ",
                "Emberreach",
                "Isle of New Beginnings",
                "Lushgrove",
                "Open Ocean",
                "Pine Shoal",
                "The Cursed Shores",
                "Treasure Island",
                "Treasure Island - Mutation",
                "Waveborne",
                "Whale Interior",
                "Emberreach Ponds",
                "Emberreach Lava"
            }
        },
        HasAbundance = {
            ["Carrot Garden"] = true,
            ["Treasure Island"] = true
        },
        Unsafe = {
            CFrames = {
                ["Treasure Island - Mutation"] = CFrame.new(-1682.5009765625, 72.001098632812, -12209.239257812, -1, 0, 0, 0, 1, 0, 0, 0, -1),
                ["Emberreach Ponds"] = CFrame.new(2935.9064941406, 140.04440307617, 439.69427490234, 1, 0, 0, 0, 1, 0, 0, 0, 1),
                Waveborne = CFrame.new(444.02059936523, 82.187675476074, 810.67791748047, 1, 0, 0, 0, 1, 0, 0, 0, 1),
                ["Whale Interior"] = CFrame.new(-26.987213134766, -1359.9420166016, -2124.57421875, 1, 0, 0, 0, 1, 0, 0, 0, 1),
                ["Azure Lagoon"] = CFrame.new(1349.2205810547, 102.68767547607, 2255.0783691406, 1, 0, 0, 0, 1, 0, 0, 0, 1),
                ["The Cursed Shores"] = CFrame.new(-220.32946777344, 90.037673950195, 1957.4782714844, 1, 0, 0, 0, 1, 0, 0, 0, 1),
                ["Emberreach Lava"] = CFrame.new(3559.2517089844, 689.01989746094, 532.3828125, -0.96592974662781, 0, 0.25880479812622, 0, 1, 0, -0.25880479812622, 0, -0.96592974662781),
                Emberreach = CFrame.new(3104.7194824219, 58.022998809814, 487.33251953125, 1, 0, 0, 0, 1, 0, 0, 0, 1),
                ["Treasure Island"] = CFrame.new(-1449.2111816406, 98.992622375488, -12238.346679688, 0.85590320825577, 0, -0.51713609695435, 0, 1, 0, 0.51713609695435, 0, 0.85590320825577),
                ["Isle of New Beginnings"] = CFrame.new(-383.5793762207, 82.687675476074, -544.97192382812, 0, 0, 1, 0, 1, 0, -1, 0, 0),
                Lushgrove = CFrame.new(978.07061767578, 148.83767700195, -778.07202148438, 1, 0, 0, 0, 1, 0, 0, 0, 1),
                ["Open Ocean"] = CFrame.new(-2461.9379882812, 58.022998809814, 5302.208984375, 1, 0, 0, 0, 1, 0, 0, 0, 1),
                ["Pine Shoal"] = CFrame.new(1185.470703125, 82.187675476074, 499.32794189453, 1, 0, 0, 0, 1, 0, 0, 0, 1),
                ["Carrot Garden"] = CFrame.new(1263.1662597656, -621.01727294922, -1068.3046875, 0.85590320825577, 0, -0.51713609695435, 0, 1, 0, 0.51713609695435, 0, 0.85590320825577),
                ["Carrot Garden - "] = CFrame.new(1254.3350830078, -626.52026367188, -1088.8353271484, 0.82034778594971, -0.00040229089790955, 0.57186484336853, 9.1832014732063e-05, 0.99999982118607, 0.0005717376479879, -0.57186496257782, -0.00041650817729533, 0.82034766674042)
            },
            Names = {
                "Azure Lagoon",
                "Carrot Garden",
                "Carrot Garden - ",
                "Emberreach",
                "Isle of New Beginnings",
                "Lushgrove",
                "Open Ocean",
                "Pine Shoal",
                "The Cursed Shores",
                "Treasure Island",
                "Treasure Island - Mutation",
                "Waveborne",
                "Whale Interior",
                "Emberreach Ponds",
                "Emberreach Lava"
            }
        }
    },
    Interactables = {
        ["Enchant Altar"] = CFrame.new(1585.9517822266, -1513.8800048828, -775.00640869141, 0.99997305870056, 0, 0.0073373215273023, 0, 1, 0, -0.0073373215273023, 0, 0.99997305870056)
    },
    SpecialEvents = {
        "LEGO",
        "Blue Moon Pool",
        "Octophant Pool",
        "Animal Pool"
    },
    ZonesAliases = {},
    SpecialEventsAliases = {
        ["Blue Moon Pool"] = {
            "Blue Moon Pool",
            "Blue Moon - Second Sea"
        },
        ["Octophant Pool"] = {
            "Octophant Pool Without Elephant",
            "Octophant Pool With Elephant"
        },
        ["Animal Pool"] = {
            "Animal Pool",
            "Animal Pool - Second Sea"
        }
    }
}