return {
    NPCs = {
        Appraiser = CFrame.new(141.73913574219, 117.92318725586, 704.03479003906, 0.99888116121292, 0, 0.047291241586208, 0, 1, 0, -0.047291241586208, 0, 0.99888116121292),
        ["Waveborne Shipwright"] = CFrame.new(391.24557495117, 86.797554016113, 824.30059814453, 0.81655073165894, 0, -0.57727372646332, 0, 1, 0, 0.57727372646332, 0, 0.81655073165894),
        ["Waveborne Angler"] = CFrame.new(58.444675445557, 161.09379577637, 860.08660888672, 0.82538282871246, 0, -0.56457340717316, 0, 1, 0, 0.56457340717316, 0, 0.82538282871246),
        ["Sea Traveler"] = CFrame.new(451.91830444336, 82.378929138184, 797.30932617188, 0.49075844883919, 0.14312966167927, 0.85945916175842, -0.073229163885117, 0.98970061540604, -0.12300488352776, -0.86821293830872, -0.0025718063116074, 0.49618521332741)
    },
    Locations = {
        Safe = {
            CFrames = {
                ["Emberreach Ponds"] = CFrame.new(2935.9064941406, 182.97348022461, 439.69427490234, 1, 0, 0, 0, 1, 0, 0, 0, 1),
                Waveborne = CFrame.new(444.02059936523, 82.187675476074, 810.67791748047, 1, 0, 0, 0, 1, 0, 0, 0, 1),
                ["Azure Lagoon"] = CFrame.new(1349.2205810547, 102.68767547607, 2259.0783691406, 1, 0, 0, 0, 1, 0, 0, 0, 1),
                ["The Cursed Shores"] = CFrame.new(-220.32940673828, 90.037673950195, 1961.4782714844, 1, 0, 0, 0, 1, 0, 0, 0, 1),
                Emberreach = CFrame.new(3104.7194824219, 141.6725769043, 487.33245849609, 1, 0, 0, 0, 1, 0, 0, 0, 1),
                ["Emberreach Lava"] = CFrame.new(3296.3762207031, 286.65103149414, 645.04852294922, 1, 0, 0, 0, 1, 0, 0, 0, 1),
                ["Isle of New Beginnings"] = CFrame.new(-379.57949829102, 82.687675476074, -544.97204589844, 0, 0, 1, 0, 1, 0, -1, 0, 0),
                Lushgrove = CFrame.new(978.07061767578, 148.83767700195, -778.07202148438, 1, 0, 0, 0, 1, 0, 0, 0, 1),
                ["Open Ocean"] = CFrame.new(5351.5122070312, 58.022998809814, 7215.208984375, 1, 0, 0, 0, 1, 0, 0, 0, 1),
                ["Pine Shoal"] = CFrame.new(1185.470703125, 82.187675476074, 499.32794189453, 1, 0, 0, 0, 1, 0, 0, 0, 1),
                ["Carrot Garden"] = CFrame.new(1263.1662597656, -621.01727294922, -1068.3046875, 0.85590320825577, 0, -0.51713609695435, 0, 1, 0, 0.51713609695435, 0, 0.85590320825577),
                ["Carrot Garden - "] = CFrame.new(1262.3781738281, -556.57745361328, -1090.5170898438, 1, 0, 0, 0, 1, 0, 0, 0, 1)
            },
            Names = {
                "Azure Lagoon",
                "Carrot Garden",
                "Carrot Garden - ",
                "Emberreach",
                "Isle of New Beginnings",
                "Lushgrove",
                "Open Ocean",
                "Pine Shoal",
                "The Cursed Shores",
                "Waveborne",
                "Emberreach Lava",
                "Emberreach Ponds"
            }
        },
        HasAbundance = {
            ["Carrot Garden"] = true
        },
        Unsafe = {
            CFrames = {
                ["Emberreach Ponds"] = CFrame.new(2935.9064941406, 140.04440307617, 439.69427490234, 1, 0, 0, 0, 1, 0, 0, 0, 1),
                Waveborne = CFrame.new(444.02059936523, 82.187675476074, 810.67791748047, 1, 0, 0, 0, 1, 0, 0, 0, 1),
                ["Azure Lagoon"] = CFrame.new(1349.2205810547, 102.68767547607, 2259.0783691406, 1, 0, 0, 0, 1, 0, 0, 0, 1),
                ["The Cursed Shores"] = CFrame.new(-220.32940673828, 90.037673950195, 1961.4782714844, 1, 0, 0, 0, 1, 0, 0, 0, 1),
                Emberreach = CFrame.new(3104.7194824219, 58.022998809814, 487.33251953125, 1, 0, 0, 0, 1, 0, 0, 0, 1),
                ["Emberreach Lava"] = CFrame.new(3296.3762207031, 186.84541320801, 645.04852294922, 0.61563467979431, 0, 0.7880317568779, 0, 1, 0, -0.7880317568779, 0, 0.61563467979431),
                ["Isle of New Beginnings"] = CFrame.new(-379.57949829102, 82.687675476074, -544.97204589844, 0, 0, 1, 0, 1, 0, -1, 0, 0),
                Lushgrove = CFrame.new(978.07061767578, 148.83767700195, -778.07202148438, 1, 0, 0, 0, 1, 0, 0, 0, 1),
                ["Open Ocean"] = CFrame.new(5351.5122070312, 58.022998809814, 7215.208984375, 1, 0, 0, 0, 1, 0, 0, 0, 1),
                ["Pine Shoal"] = CFrame.new(1185.470703125, 82.187675476074, 499.32794189453, 1, 0, 0, 0, 1, 0, 0, 0, 1),
                ["Carrot Garden"] = CFrame.new(1263.1662597656, -621.01727294922, -1068.3046875, 0.85590320825577, 0, -0.51713609695435, 0, 1, 0, 0.51713609695435, 0, 0.85590320825577),
                ["Carrot Garden - "] = CFrame.new(1262.3781738281, -626.51794433594, -1090.5170898438, 0.82034778594971, -0.00040229089790955, 0.57186484336853, 9.1832014732063e-05, 0.99999982118607, 0.0005717376479879, -0.57186496257782, -0.00041650817729533, 0.82034766674042)
            },
            Names = {
                "Azure Lagoon",
                "Carrot Garden",
                "Carrot Garden - ",
                "Emberreach",
                "Isle of New Beginnings",
                "Lushgrove",
                "Open Ocean",
                "Pine Shoal",
                "The Cursed Shores",
                "Waveborne",
                "Emberreach Lava",
                "Emberreach Ponds"
            }
        }
    },
    Interactables = {
        ["Enchant Altar"] = CFrame.new(1585.9517822266, -1513.8800048828, -775.00640869141, 0.99997305870056, 0, 0.0073373215273023, 0, 1, 0, -0.0073373215273023, 0, 0.99997305870056)
    },
    SpecialEvents = {
        "LEGO",
        "Blue Moon Pool",
        "Octophant Pool",
        "Animal Pool"
    },
    ZonesAliases = {},
    SpecialEventsAliases = {
        ["Blue Moon Pool"] = {
            "Blue Moon Pool",
            "Blue Moon - Second Sea"
        },
        ["Octophant Pool"] = {
            "Octophant Pool Without Elephant",
            "Octophant Pool With Elephant"
        },
        ["Animal Pool"] = {
            "Animal Pool",
            "Animal Pool - Second Sea"
        }
    }
}