return {
    NPCs = {
        Appraiser = CFrame.new(141.73913574219, 117.92318725586, 704.03479003906, 0.99888116121292, 0, 0.047291241586208, 0, 1, 0, -0.047291241586208, 0, 0.99888116121292),
        ["Waveborne Shipwright"] = CFrame.new(391.24557495117, 86.797554016113, 824.30059814453, 0.81655073165894, 0, -0.57727372646332, 0, 1, 0, 0.57727372646332, 0, 0.81655073165894),
        ["Waveborne Angler"] = CFrame.new(58.444675445557, 161.09379577637, 860.08660888672, 0.82538282871246, 0, -0.56457340717316, 0, 1, 0, 0.56457340717316, 0, 0.82538282871246),
        ["Sea Traveler"] = CFrame.new(451.94128417969, 82.376029968262, 797.10809326172, 0.49315574765205, 0.13437774777412, 0.85949993133545, -0.055641286075115, 0.99084711074829, -0.12298779189587, -0.86815977096558, 0.012828459963202, 0.4961189031601)
    },
    Locations = {
        Safe = {
            CFrames = {
                ["Emberreach Ponds"] = CFrame.new(2935.9064941406, 182.97348022461, 439.69427490234, 1, 0, 0, 0, 1, 0, 0, 0, 1),
                Waveborne = CFrame.new(444.02059936523, 82.187675476074, 810.67791748047, 1, 0, 0, 0, 1, 0, 0, 0, 1),
                ["Azure Lagoon"] = CFrame.new(1349.2205810547, 102.68767547607, 2255.0783691406, 1, 0, 0, 0, 1, 0, 0, 0, 1),
                ["The Cursed Shores"] = CFrame.new(-220.32946777344, 90.037673950195, 1957.4782714844, 1, 0, 0, 0, 1, 0, 0, 0, 1),
                Emberreach = CFrame.new(3104.7194824219, 141.6725769043, 487.33245849609, 1, 0, 0, 0, 1, 0, 0, 0, 1),
                ["Blue Moon - Second Sea"] = CFrame.new(1354.4643554688, 168.50909423828, -570.33776855469, 1, 0, 0, 0, 1, 0, 0, 0, 1),
                Lushgrove = CFrame.new(978.07055664062, 148.83767700195, -782.07196044922, 1, 0, 0, 0, 1, 0, 0, 0, 1),
                ["Emberreach Lava"] = CFrame.new(3521.5771484375, 689.50891113281, 640.31311035156, 1, 0, 0, 0, 1, 0, 0, 0, 1),
                ["Pine Shoal"] = CFrame.new(1185.470703125, 82.187675476074, 499.32794189453, 1, 0, 0, 0, 1, 0, 0, 0, 1),
                ["Isle of New Beginnings"] = CFrame.new(-383.5793762207, 82.687675476074, -544.97192382812, 0, 0, 1, 0, 1, 0, -1, 0, 0),
                ["Open Ocean"] = CFrame.new(5351.5122070312, 58.022998809814, 3315.7587890625, 1, 0, 0, 0, 1, 0, 0, 0, 1)
            },
            Names = {
                "Azure Lagoon",
                "Emberreach",
                "Isle of New Beginnings",
                "Lushgrove",
                "Open Ocean",
                "Pine Shoal",
                "The Cursed Shores",
                "Waveborne",
                "Emberreach Lava",
                "Emberreach Ponds",
                "Blue Moon - Second Sea"
            }
        },
        HasAbundance = {},
        Unsafe = {
            CFrames = {
                ["Emberreach Ponds"] = CFrame.new(2935.9064941406, 140.04440307617, 439.69427490234, 1, 0, 0, 0, 1, 0, 0, 0, 1),
                Waveborne = CFrame.new(444.02059936523, 82.187675476074, 810.67791748047, 1, 0, 0, 0, 1, 0, 0, 0, 1),
                ["Azure Lagoon"] = CFrame.new(1349.2205810547, 102.68767547607, 2255.0783691406, 1, 0, 0, 0, 1, 0, 0, 0, 1),
                ["The Cursed Shores"] = CFrame.new(-220.32946777344, 90.037673950195, 1957.4782714844, 1, 0, 0, 0, 1, 0, 0, 0, 1),
                Emberreach = CFrame.new(3104.7194824219, 58.022998809814, 487.33251953125, 1, 0, 0, 0, 1, 0, 0, 0, 1),
                ["Blue Moon - Second Sea"] = CFrame.new(1354.4643554688, 84.503028869629, -570.33776855469, 0.37044590711594, 0, 0.9288541674614, 0, 1, 0, -0.9288541674614, 0, 0.37044590711594),
                Lushgrove = CFrame.new(978.07055664062, 148.83767700195, -782.07196044922, 1, 0, 0, 0, 1, 0, 0, 0, 1),
                ["Emberreach Lava"] = CFrame.new(3521.5771484375, 677.46179199219, 640.31311035156, 0.27286678552628, 0.017767086625099, 0.96188789606094, -0.099747024476528, 0.99496340751648, 0.0099180713295937, -0.95686703920364, -0.098651751875877, 0.2732647061348),
                ["Pine Shoal"] = CFrame.new(1185.470703125, 82.187675476074, 499.32794189453, 1, 0, 0, 0, 1, 0, 0, 0, 1),
                ["Isle of New Beginnings"] = CFrame.new(-383.5793762207, 82.687675476074, -544.97192382812, 0, 0, 1, 0, 1, 0, -1, 0, 0),
                ["Open Ocean"] = CFrame.new(5351.5122070312, 58.022998809814, 3315.7587890625, 1, 0, 0, 0, 1, 0, 0, 0, 1)
            },
            Names = {
                "Azure Lagoon",
                "Emberreach",
                "Isle of New Beginnings",
                "Lushgrove",
                "Open Ocean",
                "Pine Shoal",
                "The Cursed Shores",
                "Waveborne",
                "Emberreach Lava",
                "Emberreach Ponds",
                "Blue Moon - Second Sea"
            }
        }
    },
    Interactables = {},
    SpecialEvents = {
        "Blue Moon Pool",
        "Octophant Pool",
        "Animal Pool - Second Sea"
    },
    ZonesAliases = {},
    SpecialEventsAliases = {
        ["Octophant Pool"] = {
            "Octophant Pool Without Elephant",
            "Octophant Pool With Elephant"
        }
    }
}