return {
    NPCs = {
        Appraiser = CFrame.new(141.73913574219, 117.92318725586, 704.03479003906, 0.99888116121292, 0, 0.047291241586208, 0, 1, 0, -0.047291241586208, 0, 0.99888116121292),
        ["Waveborne Shipwright"] = CFrame.new(391.24557495117, 86.797554016113, 824.30059814453, 0.81655073165894, 0, -0.57727372646332, 0, 1, 0, 0.57727372646332, 0, 0.81655073165894),
        ["Waveborne Angler"] = CFrame.new(58.444675445557, 161.09379577637, 860.08660888672, 0.82538282871246, 0, -0.56457340717316, 0, 1, 0, 0.56457340717316, 0, 0.82538282871246),
        ["Sea Traveler"] = CFrame.new(451.93963623047, 82.374694824219, 797.08013916016, 0.49365550279617, 0.13249808549881, 0.85950475931168, -0.051914472132921, 0.99105286598206, -0.12296003103256, -0.86810666322708, 0.016079159453511, 0.49611723423004)
    },
    Locations = {
        Safe = {
            CFrames = {
                ["Emberreach Ponds"] = CFrame.new(2935.9064941406, 182.97348022461, 439.69427490234, 1, 0, 0, 0, 1, 0, 0, 0, 1),
                Waveborne = CFrame.new(444.02059936523, 82.187675476074, 810.67791748047, 1, 0, 0, 0, 1, 0, 0, 0, 1),
                ["Azure Lagoon"] = CFrame.new(1349.2205810547, 102.68767547607, 2259.0783691406, 1, 0, 0, 0, 1, 0, 0, 0, 1),
                ["The Cursed Shores"] = CFrame.new(-220.32940673828, 90.037673950195, 1961.4782714844, 1, 0, 0, 0, 1, 0, 0, 0, 1),
                Emberreach = CFrame.new(3104.7194824219, 141.6725769043, 487.33245849609, 1, 0, 0, 0, 1, 0, 0, 0, 1),
                Lushgrove = CFrame.new(978.07061767578, 148.83767700195, -778.07202148438, 1, 0, 0, 0, 1, 0, 0, 0, 1),
                ["Emberreach Lava"] = CFrame.new(3521.5771484375, 689.50891113281, 640.31311035156, 1, 0, 0, 0, 1, 0, 0, 0, 1),
                ["Pine Shoal"] = CFrame.new(1185.470703125, 82.187675476074, 499.32794189453, 1, 0, 0, 0, 1, 0, 0, 0, 1),
                ["Isle of New Beginnings"] = CFrame.new(-379.57949829102, 82.687675476074, -544.97204589844, 0, 0, 1, 0, 1, 0, -1, 0, 0),
                ["Open Ocean"] = CFrame.new(-2461.9379882812, -32.566703796387, 3315.7587890625, 1, 0, 0, 0, 1, 0, 0, 0, 1)
            },
            Names = {
                "Azure Lagoon",
                "Emberreach",
                "Isle of New Beginnings",
                "Lushgrove",
                "Open Ocean",
                "Pine Shoal",
                "The Cursed Shores",
                "Waveborne",
                "Emberreach Lava",
                "Emberreach Ponds"
            }
        },
        HasAbundance = {},
        Unsafe = {
            CFrames = {
                ["Emberreach Ponds"] = CFrame.new(2935.9064941406, 140.04440307617, 439.69427490234, 1, 0, 0, 0, 1, 0, 0, 0, 1),
                Waveborne = CFrame.new(444.02059936523, 82.187675476074, 810.67791748047, 1, 0, 0, 0, 1, 0, 0, 0, 1),
                ["Azure Lagoon"] = CFrame.new(1349.2205810547, 102.68767547607, 2259.0783691406, 1, 0, 0, 0, 1, 0, 0, 0, 1),
                ["The Cursed Shores"] = CFrame.new(-220.32940673828, 90.037673950195, 1961.4782714844, 1, 0, 0, 0, 1, 0, 0, 0, 1),
                Emberreach = CFrame.new(3104.7194824219, 58.022998809814, 487.33251953125, 1, 0, 0, 0, 1, 0, 0, 0, 1),
                Lushgrove = CFrame.new(978.07061767578, 148.83767700195, -778.07202148438, 1, 0, 0, 0, 1, 0, 0, 0, 1),
                ["Emberreach Lava"] = CFrame.new(3521.5771484375, 677.46179199219, 640.31311035156, 0.27286678552628, 0.017767086625099, 0.96188789606094, -0.099747024476528, 0.99496340751648, 0.0099180713295937, -0.95686703920364, -0.098651751875877, 0.2732647061348),
                ["Pine Shoal"] = CFrame.new(1185.470703125, 82.187675476074, 499.32794189453, 1, 0, 0, 0, 1, 0, 0, 0, 1),
                ["Isle of New Beginnings"] = CFrame.new(-379.57949829102, 82.687675476074, -544.97204589844, 0, 0, 1, 0, 1, 0, -1, 0, 0),
                ["Open Ocean"] = CFrame.new(-2461.9379882812, 58.022998809814, 3315.7587890625, 1, 0, 0, 0, 1, 0, 0, 0, 1)
            },
            Names = {
                "Azure Lagoon",
                "Emberreach",
                "Isle of New Beginnings",
                "Lushgrove",
                "Open Ocean",
                "Pine Shoal",
                "The Cursed Shores",
                "Waveborne",
                "Emberreach Lava",
                "Emberreach Ponds"
            }
        }
    },
    Interactables = {
        ["Enchant Altar"] = CFrame.new(1585.9517822266, -1513.8800048828, -775.00640869141, 0.99997305870056, 0, 0.0073373215273023, 0, 1, 0, -0.0073373215273023, 0, 0.99997305870056)
    },
    SpecialEvents = {
        "LEGO",
        "Blue Moon Pool",
        "Octophant Pool",
        "Animal Pool"
    },
    ZonesAliases = {},
    SpecialEventsAliases = {
        ["Blue Moon Pool"] = {
            "Blue Moon Pool",
            "Blue Moon - Second Sea"
        },
        ["Octophant Pool"] = {
            "Octophant Pool Without Elephant",
            "Octophant Pool With Elephant"
        },
        ["Animal Pool"] = {
            "Animal Pool",
            "Animal Pool - Second Sea"
        }
    }
}