return {
    NPCs = {
        Appraiser = CFrame.new(141.73913574219, 117.92318725586, 704.03479003906, 0.99888116121292, 0, 0.047291241586208, 0, 1, 0, -0.047291241586208, 0, 0.99888116121292),
        ["Waveborne Shipwright"] = CFrame.new(391.24557495117, 86.797554016113, 824.30059814453, 0.81655073165894, 0, -0.57727372646332, 0, 1, 0, 0.57727372646332, 0, 0.81655073165894),
        ["Waveborne Angler"] = CFrame.new(58.444675445557, 161.09379577637, 860.08660888672, 0.82538282871246, 0, -0.56457340717316, 0, 1, 0, 0.56457340717316, 0, 0.82538282871246),
        ["Sea Traveler"] = CFrame.new(451.9365234375, 82.37149810791, 797.01977539062, 0.49484294652939, 0.12817811965942, 0.85947704315186, -0.043272092938423, 0.99146920442581, -0.12294891476631, -0.86790436506271, 0.023649031296372, 0.49616804718971)
    },
    Locations = {
        Safe = {
            CFrames = {
                ["Emberreach Ponds"] = CFrame.new(2935.9064941406, 182.97348022461, 439.69427490234, 1, 0, 0, 0, 1, 0, 0, 0, 1),
                Waveborne = CFrame.new(444.02056884766, 82.187675476074, 806.67797851562, 1, 0, 0, 0, 1, 0, 0, 0, 1),
                ["Azure Lagoon"] = CFrame.new(1349.2205810547, 102.68767547607, 2259.0783691406, 1, 0, 0, 0, 1, 0, 0, 0, 1),
                ["The Cursed Shores"] = CFrame.new(-220.32946777344, 90.037673950195, 1957.4782714844, 1, 0, 0, 0, 1, 0, 0, 0, 1),
                Emberreach = CFrame.new(3104.7194824219, 141.6725769043, 487.33245849609, 1, 0, 0, 0, 1, 0, 0, 0, 1),
                Lushgrove = CFrame.new(978.07055664062, 148.83767700195, -782.07196044922, 1, 0, 0, 0, 1, 0, 0, 0, 1),
                ["Emberreach Lava"] = CFrame.new(3493.9799804688, 727.4443359375, 592.38354492188, 1, 0, 0, 0, 1, 0, 0, 0, 1),
                ["Pine Shoal"] = CFrame.new(1185.4705810547, 82.187675476074, 495.32800292969, 1, 0, 0, 0, 1, 0, 0, 0, 1),
                ["Isle of New Beginnings"] = CFrame.new(-383.5793762207, 82.687675476074, -544.97192382812, 0, 0, 1, 0, 1, 0, -1, 0, 0),
                ["Open Ocean"] = CFrame.new(-4381.587890625, 58.022998809814, -714.89135742188, 1, 0, 0, 0, 1, 0, 0, 0, 1)
            },
            Names = {
                "Azure Lagoon",
                "Emberreach",
                "Isle of New Beginnings",
                "Lushgrove",
                "Open Ocean",
                "Pine Shoal",
                "The Cursed Shores",
                "Waveborne",
                "Emberreach Lava",
                "Emberreach Ponds"
            }
        },
        HasAbundance = {},
        Unsafe = {
            CFrames = {
                ["Emberreach Ponds"] = CFrame.new(2935.9064941406, 140.04440307617, 439.69427490234, 1, 0, 0, 0, 1, 0, 0, 0, 1),
                Waveborne = CFrame.new(444.02056884766, 82.187675476074, 806.67797851562, 1, 0, 0, 0, 1, 0, 0, 0, 1),
                ["Azure Lagoon"] = CFrame.new(1349.2205810547, 102.68767547607, 2259.0783691406, 1, 0, 0, 0, 1, 0, 0, 0, 1),
                ["The Cursed Shores"] = CFrame.new(-220.32946777344, 90.037673950195, 1957.4782714844, 1, 0, 0, 0, 1, 0, 0, 0, 1),
                Emberreach = CFrame.new(3104.7194824219, 58.022998809814, 487.33251953125, 1, 0, 0, 0, 1, 0, 0, 0, 1),
                Lushgrove = CFrame.new(978.07055664062, 148.83767700195, -782.07196044922, 1, 0, 0, 0, 1, 0, 0, 0, 1),
                ["Emberreach Lava"] = CFrame.new(3493.9799804688, 714.25653076172, 592.38354492188, 0.25785720348358, 0.019090872257948, 0.96599447727203, -0.065635114908218, 0.99784123897552, -0.002199986949563, -0.96395111083984, -0.062835872173309, 0.25855356454849),
                ["Pine Shoal"] = CFrame.new(1185.4705810547, 82.187675476074, 495.32800292969, 1, 0, 0, 0, 1, 0, 0, 0, 1),
                ["Isle of New Beginnings"] = CFrame.new(-383.5793762207, 82.687675476074, -544.97192382812, 0, 0, 1, 0, 1, 0, -1, 0, 0),
                ["Open Ocean"] = CFrame.new(-4381.587890625, 58.022998809814, -714.89135742188, 1, 0, 0, 0, 1, 0, 0, 0, 1)
            },
            Names = {
                "Azure Lagoon",
                "Emberreach",
                "Isle of New Beginnings",
                "Lushgrove",
                "Open Ocean",
                "Pine Shoal",
                "The Cursed Shores",
                "Waveborne",
                "Emberreach Lava",
                "Emberreach Ponds"
            }
        }
    },
    Interactables = {},
    SpecialEvents = {
"Blue Moon Pool",
        "Octophant Pool",
        "Animal Pool - Second Sea"
    },
    ZonesAliases = {},
    SpecialEventsAliases = {
        ["Octophant Pool"] = {
            "Octophant Pool Without Elephant",
            "Octophant Pool With Elephant"
        }
    }
}
