return {
    ["Zones"] = {
        ["Aliases"] = {
            ["Challenger's Deep"] = "Challengers Deep",
            ["Veil of the Forsaken"] = "Forsaken Veil"
        },
        ["CFrames"] = {
            ["Snowburrow"] = CFrame.new(2759.4133300781, 82.322296142578, 2612.2192382812, 1, 0, 0, 0, 1, 0, 0, 0, 1),
            ["Moosewood Ocean Mythical"] = CFrame.new(252.80291748047, 7.8869285583496, 36.884399414062, 1, 0, 0, 0, 1, 0, 0, 0, 1),
            ["Crimson Cavern"] = CFrame.new(-998.14331054688, -362.6340637207, -4888.3564453125, 1, 0, 0, 0, 1, 0, 0, 0, 1),
            ["Sunstone"] = CFrame.new(-920.82238769531, -48.979919433594, -1210.1545410156, 1, 0, 0, 0, 1, 0, 0, 0, 1),
            ["The Depths"] = CFrame.new(953.271484375, -781.58111572266, 1330.4255371094, 1, 0, 0, 0, 1, 0, 0, 0, 1),
            ["Atlantean Storm"] = CFrame.new(-3661.8598632812, -80.289962768555, 526.32019042969, 1, 0, 0, 0, 1, 0, 0, 0, 1),
            ["Roslit Pond"] = CFrame.new(-1786.6770019531, 137.28131103516, 602.60168457031, 1, 0, 0, 0, 1, 0, 0, 0, 1),
            ["Volcanic Vents"] = CFrame.new(-3136.1767578125, -2164.4731445312, 4056.8522949219, 1, 0, 0, 0, 1, 0, 0, 0, 1),
            ["Grand Reef"] = CFrame.new(-3576.5734863281, -80.289962768555, 541.63049316406, 1, 0, 0, 0, 1, 0, 0, 0, 1),
            ["Sunstone Hidden"] = CFrame.new(-1139.3863525391, -48.979919433594, -1076.2637939453, 1, 0, 0, 0, 1, 0, 0, 0, 1),
            ["Castaway Cliffs"] = CFrame.new(577.36639404297, 54.720062255859, -1894.5478515625, 1, 0, 0, 0, 1, 0, 0, 0, 1),
            ["Snowcap Pond"] = CFrame.new(2798.0197753906, 259.32229614258, 2599.4377441406, 1, 0, 0, 0, 1, 0, 0, 0, 1),
            ["Abyssal Zenith"] = CFrame.new(-13837.287109375, -11048.052734375, 115.35232543945, 1, 0, 0, 0, 1, 0, 0, 0, 1),
            ["Luminescent Cavern"] = CFrame.new(-1018.4610595703, -336.15521240234, -4285.7055664062, 1, 0, 0, 0, 1, 0, 0, 0, 1),
            ["Carrot Garden"] = CFrame.new(3714.2341308594, -1121.0207519531, -1081.7575683594, 1, 0, 0, 0, 1, 0, 0, 0, 1),
            ["Roslit Bay Ocean"] = CFrame.new(-1937.5908203125, -48.979919433594, 668.38122558594, 1, 0, 0, 0, 1, 0, 0, 0, 1),
            ["Lost Jungle"] = CFrame.new(-2738.6176757812, -48.979919433594, -2090.3039550781, 1, 0, 0, 0, 1, 0, 0, 0, 1),
            ["FrightfulVillage"] = CFrame.new(155.83901977539, 98.758666992188, -11544.114257812, 1, 0, 0, 0, 1, 0, 0, 0, 1),
            ["Cryogenic Canal"] = CFrame.new(19965.05859375, 507.50296020508, 5542.0678710938, 1, 0, 0, 0, 1, 0, 0, 0, 1),
            ["Crystal Cove"] = CFrame.new(1378.12890625, -601.99700927734, 2337.296875, 1, 0, 0, 0, 1, 0, 0, 0, 1),
            ["Ancient Archives"] = CFrame.new(-3176.2153320312, -814.01135253906, 1925.0458984375, 1, 0, 0, 0, 1, 0, 0, 0, 1),
            ["Zeus Pool"] = CFrame.new(-4298.6284179688, -643.68115234375, 2714.1125488281, 1, 0, 0, 0, 1, 0, 0, 0, 1),
            ["Atlantis Ocean"] = CFrame.new(-4309.107421875, -868.17993164062, 1835.9608154297, 1, 0, 0, 0, 1, 0, 0, 0, 1),
            ["Glacial Grotto"] = CFrame.new(20051.203125, 844.953125, 5634.3364257812, 1, 0, 0, 0, 1, 0, 0, 0, 1),
            ["Terrapin Olm"] = CFrame.new(12.849174499512, 83.520080566406, 1964.4497070312, 1, 0, 0, 0, 1, 0, 0, 0, 1),
            ["Poseidon Pool"] = CFrame.new(-3984.8493652344, -572.14825439453, 935.83856201172, 1, 0, 0, 0, 1, 0, 0, 0, 1),
            ["Sunken's Depth"] = CFrame.new(-4958.2504882812, -605.56134033203, 1824.7980957031, 1, 0, 0, 0, 1, 0, 0, 0, 1),
            ["Ethereal Abyss"] = CFrame.new(-3754.2492675781, -575.95440673828, 1832.138671875, 1, 0, 0, 0, 1, 0, 0, 0, 1),
            ["Brine Pool"] = CFrame.new(-1796.3830566406, -263.59301757812, -3345.5881347656, 1, 0, 0, 0, 1, 0, 0, 0, 1),
            ["Overgrowth Caves"] = CFrame.new(20304.09375, 249.63066101074, 5525.6577148438, 1, 0, 0, 0, 1, 0, 0, 0, 1),
            ["Calm Zone"] = CFrame.new(-4344.8969726562, -11306.533203125, 3750.4223632812, 1, 0, 0, 0, 1, 0, 0, 0, 1),
            ["Challengers Deep"] = CFrame.new(794.24291992188, -3484.6330566406, -1627.0177001953, 1, 0, 0, 0, 1, 0, 0, 0, 1),
            ["Ancient Isle Waterfall"] = CFrame.new(5997.486328125, 287.20504760742, 568.18920898438, 1, 0, 0, 0, 1, 0, 0, 0, 1),
            ["Treasure Island"] = CFrame.new(8274.873046875, 138.02299499512, -17292.994140625, 1, 0, 0, 0, 1, 0, 0, 0, 1),
            ["Forsaken Shores Pond"] = CFrame.new(-2736.04296875, 179.4866027832, 1733.5395507812, 1, 0, 0, 0, 1, 0, 0, 0, 1),
            ["Ancient Isle Pond"] = CFrame.new(6014.3896484375, 179.10504150391, 334.47286987305, 1, 0, 0, 0, 1, 0, 0, 0, 1),
            ["Snowcap Ocean"] = CFrame.new(2562.8125, 8.1867065429688, 2731.7163085938, 1, 0, 0, 0, 1, 0, 0, 0, 1),
            ["Forsaken Veil"] = CFrame.new(-2418.1166992188, -11346.61328125, 7033.7626953125, 1, 0, 0, 0, 1, 0, 0, 0, 1),
            ["Desolate Deep"] = CFrame.new(-1406.5659179688, -396.39443969727, -2843.3505859375, 1, 0, 0, 0, 1, 0, 0, 0, 1),
            ["Forsaken Shores Ocean"] = CFrame.new(-3319.3608398438, 86.57502746582, 1528.0916748047, 1, 0, 0, 0, 1, 0, 0, 0, 1),
            ["Forsaken Shores"] = CFrame.new(-2537.3327636719, 86.625022888184, 1437.6627197266, 1, 0, 0, 0, 1, 0, 0, 0, 1),
            ["Harvesters Spike"] = CFrame.new(-1347.3450927734, -48.979919433594, 1632.568359375, 1, 0, 0, 0, 1, 0, 0, 0, 1),
            ["Frigid Cavern"] = CFrame.new(19893.125, 420.78552246094, 5607.4243164062, 1, 0, 0, 0, 1, 0, 0, 0, 1),
            ["Vertigo"] = CFrame.new(-113.35501098633, -851.91937255859, 1204.7619628906, 1, 0, 0, 0, 1, 0, 0, 0, 1),
            ["Brine Pool Water"] = CFrame.new(-1788.3684082031, -189.69480895996, -3417.5134277344, 1, 0, 0, 0, 1, 0, 0, 0, 1),
            ["Scallop Ocean"] = CFrame.new(23.193023681641, -48.979919433594, 738.66088867188, 1, 0, 0, 0, 1, 0, 0, 0, 1),
            ["Mushgrove Water"] = CFrame.new(2574.3745117188, 66.761215209961, -747.39587402344, 1, 0, 0, 0, 1, 0, 0, 0, 1),
            ["Kraken Pool"] = CFrame.new(-4289.5541992188, -1123, 2077.9809570312, 1, 0, 0, 0, 1, 0, 0, 0, 1),
            ["Deep Ocean"] = CFrame.new(3569.0708007812, -48.979919433594, -3543.3178710938, 1, 0, 0, 0, 1, 0, 0, 0, 1),
            ["The Arch"] = CFrame.new(1178.8687744141, -48.979919433594, -1186.0771484375, 1, 0, 0, 0, 1, 0, 0, 0, 1),
            ["Moosewood Pond"] = CFrame.new(544.85168457031, 138.27685546875, 303.98190307617, 1, 0, 0, 0, 1, 0, 0, 0, 1),
            ["Ancient Isle Ocean"] = CFrame.new(5955.228515625, -48.859920501709, 659.47338867188, 1, 0, 0, 0, 1, 0, 0, 0, 1),
            ["Lava"] = CFrame.new(-1966.1926269531, 157.46803283691, 274.7529296875, 1, 0, 0, 0, 1, 0, 0, 0, 1),
            ["Roslit Pond Seaweed"] = CFrame.new(-1800.69921875, 137.25003051758, 621.30212402344, 1, 0, 0, 0, 1, 0, 0, 0, 1),
            ["Roslit Bay"] = CFrame.new(-1574.556640625, 111.38550567627, 489.57995605469, 1, 0, 0, 0, 1, 0, 0, 0, 1),
            ["Moosewood Ocean"] = CFrame.new(658.12426757812, -20.44649887085, 400.82861328125, 1, 0, 0, 0, 1, 0, 0, 0, 1),
            ["Roslit Bay Clam"] = CFrame.new(-2026.2133789062, 8.1869277954102, 556.24816894531, 1, 0, 0, 0, 1, 0, 0, 0, 1),
            ["Terrapin Ocean"] = CFrame.new(64.581695556641, -48.979919433594, 1926.2348632812, 1, 0, 0, 0, 1, 0, 0, 0, 1),
            ["Moosewood Docks"] = CFrame.new(350.86761474609, 8.086706161499, 291.25494384766, 1, 0, 0, 0, 1, 0, 0, 0, 1),
            ["Ocean"] = CFrame.new(5617.0708007812, -48.979919433594, 4648.6821289062, 1, 0, 0, 0, 1, 0, 0, 0, 1),
            ["Keepers Altar"] = CFrame.new(1329.8454589844, -1000.7021484375, -128.71649169922, 1, 0, 0, 0, 1, 0, 0, 0, 1)
        },
        ["Abundance"] = {
            ["Snowburrow"] = {},
            ["Moosewood Ocean Mythical"] = {
                ["Yellowfin Tuna"] = {
                    ["LegitCFrames"] = {
                        {
                            ["CFrame"] = CFrame.new(672.75567626953, 132.73762512207, 276.38439941406, 1, 0, 0, 0, 1, 0, 0, 0, 1),
                            ["TimeElapsed"] = 0.67508316040039,
                            ["Distance"] = 47.169906616211
                        }
                    },
                    ["CFrame"] = CFrame.new(697.75567626953, 8.1869277954102, 316.38439941406, 1, 0, 0, 0, 1, 0, 0, 0, 1),
                    ["BottomCFrame"] = CFrame.new(697.75567626953, -16.81307220459, 316.38439941406, 1, 0, 0, 0, 1, 0, 0, 0, 1),
                    ["TopCFrame"] = CFrame.new(697.75567626953, 135.79049682617, 316.38439941406, 1, 0, 0, 0, 1, 0, 0, 0, 1)
                }
            },
            ["Crimson Cavern"] = {},
            ["Sunstone"] = {
                ["Sweetfish"] = {
                    ["LegitCFrames"] = {
                        {
                            ["CFrame"] = CFrame.new(-898.91497802734, 132.57225036621, -1111.6605224609, -1, 0, 0, 0, 1, 0, 0, 0, -1),
                            ["TimeElapsed"] = 0.67789435386658,
                            ["Distance"] = 46.097732543945
                        },
                        {
                            ["CFrame"] = CFrame.new(-904.96234130859, 130.57933044434, -1103.6961669922, -0.70710474252701, 0, 0.70710873603821, 0, 0.99999988079071, 0, -0.70710879564285, 0, -0.70710468292236),
                            ["TimeElapsed"] = 0.64753031730652,
                            ["Distance"] = 39.051239013672
                        },
                        {
                            ["CFrame"] = CFrame.new(-944.78363037109, 133.13836669922, -1133.9329833984, 0, 0, 1, 0, 1, 0, -1, 0, 0),
                            ["TimeElapsed"] = 0.67753601074219,
                            ["Distance"] = 32.015621185303
                        },
                        {
                            ["CFrame"] = CFrame.new(-950.83099365234, 140.73123168945, -1125.96875, 0.70710474252701, 0, 0.70710873603821, 0, 0.99999988079071, 0, -0.70710879564285, 0, 0.70710468292236),
                            ["TimeElapsed"] = 0.85376811027527,
                            ["Distance"] = 25.000028610229
                        },
                        {
                            ["CFrame"] = CFrame.new(-918.97393798828, 130.0788269043, -1101.779296875, 0, 0, 1, 0, 1, 0, -1, 0, 0),
                            ["TimeElapsed"] = 0.64735412597656,
                            ["Distance"] = 25.000011444092
                        },
                        {
                            ["CFrame"] = CFrame.new(-942.86676025391, 140.03575134277, -1119.9213867188, 0, 0, 1, 0, 1, 0, -1, 0, 0),
                            ["TimeElapsed"] = 0.80340647697449,
                            ["Distance"] = 18.027778625488
                        },
                        {
                            ["CFrame"] = CFrame.new(-948.91412353516, 140.71620178223, -1111.9571533203, 0.70710474252701, 0, 0.70710873603821, 0, 0.99999988079071, 0, -0.70710879564285, 0, 0.70710468292236),
                            ["TimeElapsed"] = 0.81836366653442,
                            ["Distance"] = 11.180399894714
                        },
                        {
                            ["CFrame"] = CFrame.new(-940.94982910156, 130.5788269043, -1105.9097900391, 0, 0, 1, 0, 1, 0, -1, 0, 0),
                            ["TimeElapsed"] = 0.64694809913635,
                            ["Distance"] = 5.000039100647
                        }
                    },
                    ["CFrame"] = CFrame.new(-943.97351074219, -48.979919433594, -1101.9276123047, 1, 0, 0, 0, 1, 0, 0, 0, 1),
                    ["BottomCFrame"] = CFrame.new(-943.97351074219, -73.979919433594, -1101.9276123047, 1, 0, 0, 0, 1, 0, 0, 0, 1),
                    ["TopCFrame"] = CFrame.new(-943.97351074219, 135.75003051758, -1101.9276123047, 1, 0, 0, 0, 1, 0, 0, 0, 1)
                },
                ["Red Tang"] = {
                    ["LegitCFrames"] = {
                        {
                            ["CFrame"] = CFrame.new(-1135.3768310547, 136.79423522949, -1162.0307617188, 0, 0, 1, 0, 1, 0, -1, 0, 0),
                            ["TimeElapsed"] = 0.73383855819702,
                            ["Distance"] = 77.781745910645
                        }
                    },
                    ["CFrame"] = CFrame.new(-1190.3768310547, -48.979919433594, -1217.0307617188, 1, 0, 0, 0, 1, 0, 0, 0, 1),
                    ["BottomCFrame"] = CFrame.new(-1190.3768310547, -73.979919433594, -1217.0307617188, 1, 0, 0, 0, 1, 0, 0, 0, 1),
                    ["TopCFrame"] = CFrame.new(-1190.3768310547, 135.75003051758, -1217.0307617188, 1, 0, 0, 0, 1, 0, 0, 0, 1)
                },
                ["Glassfish"] = {
                    ["LegitCFrames"] = {},
                    ["CFrame"] = CFrame.new(-918.06561279297, -48.979919433594, -986.36804199219, 1, 0, 0, 0, 1, 0, 0, 0, 1),
                    ["BottomCFrame"] = CFrame.new(-918.06561279297, -73.979919433594, -986.36804199219, 1, 0, 0, 0, 1, 0, 0, 0, 1),
                    ["TopCFrame"] = CFrame.new(-918.06561279297, 135.75003051758, -986.36804199219, 1, 0, 0, 0, 1, 0, 0, 0, 1)
                },
                ["Longtail Bass"] = {
                    ["LegitCFrames"] = {
                        {
                            ["CFrame"] = CFrame.new(-878.64721679688, 133.27230834961, -1245.1832275391, 0, 0, -1, 0, 1, 0, 1, 0, 0),
                            ["TimeElapsed"] = 0.66395998001099,
                            ["Distance"] = 40.31128692627
                        },
                        {
                            ["CFrame"] = CFrame.new(-841.07220458984, 132.17222595215, -1182.8284912109, 1, 0, 0, 0, 1, 0, 0, 0, 1),
                            ["TimeElapsed"] = 0.65655612945557,
                            ["Distance"] = 39.05122756958
                        },
                        {
                            ["CFrame"] = CFrame.new(-848.38793945312, 132.17222595215, -1189.6461181641, 1, 0, 0, 0, 1, 0, 0, 0, 1),
                            ["TimeElapsed"] = 0.65248250961304,
                            ["Distance"] = 32.015590667725
                        },
                        {
                            ["CFrame"] = CFrame.new(-871.33142089844, 133.97534179688, -1238.3656005859, 0, 0, -1, 0, 1, 0, 1, 0, 0),
                            ["TimeElapsed"] = 0.67913818359375,
                            ["Distance"] = 30.413764953613
                        },
                        {
                            ["CFrame"] = CFrame.new(-855.70367431641, 133.16217041016, -1196.4637451172, 1, 0, 0, 0, 1, 0, 0, 0, 1),
                            ["TimeElapsed"] = 0.66432666778564,
                            ["Distance"] = 26.925775527954
                        },
                        {
                            ["CFrame"] = CFrame.new(-863.01898193359, 135.28771972656, -1203.2817382812, 0, 0, -1, 0, 1, 0, 1, 0, 0),
                            ["TimeElapsed"] = 0.69375133514404,
                            ["Distance"] = 24.999378204346
                        }
                    },
                    ["CFrame"] = CFrame.new(-845.97540283203, -48.979919433594, -1221.5706787109, 1, 0, 0, 0, 1, 0, 0, 0, 1),
                    ["BottomCFrame"] = CFrame.new(-845.97540283203, -73.979919433594, -1221.5706787109, 1, 0, 0, 0, 1, 0, 0, 0, 1),
                    ["TopCFrame"] = CFrame.new(-845.97540283203, 135.75003051758, -1221.5706787109, 1, 0, 0, 0, 1, 0, 0, 0, 1)
                },
                ["Mahi Mahi"] = {
                    ["LegitCFrames"] = {
                        {
                            ["CFrame"] = CFrame.new(-742.03625488281, 130.58666992188, -1347.0406494141, 1, 0, 0, 0, 1, 0, 0, 0, 1),
                            ["TimeElapsed"] = 0.64217162132263,
                            ["Distance"] = 47.43416595459
                        },
                        {
                            ["CFrame"] = CFrame.new(-732.03625488281, 130.2780456543, -1357.0406494141, 1, 0, 0, 0, 1, 0, 0, 0, 1),
                            ["TimeElapsed"] = 0.6278510093689,
                            ["Distance"] = 43.011627197266
                        }
                    },
                    ["CFrame"] = CFrame.new(-697.03625488281, -48.979919433594, -1332.0406494141, 1, 0, 0, 0, 1, 0, 0, 0, 1),
                    ["BottomCFrame"] = CFrame.new(-697.03625488281, -73.979919433594, -1332.0406494141, 1, 0, 0, 0, 1, 0, 0, 0, 1),
                    ["TopCFrame"] = CFrame.new(-697.03625488281, 135.75003051758, -1332.0406494141, 1, 0, 0, 0, 1, 0, 0, 0, 1)
                },
                ["Trumpetfish"] = {
                    ["LegitCFrames"] = {
                        {
                            ["CFrame"] = CFrame.new(-750.01556396484, 135.40617370605, -1309.5406494141, 0.70710474252701, 0, 0.70710873603821, 0, 0.99999988079071, 0, -0.70710879564285, 0, 0.70710468292236),
                            ["TimeElapsed"] = 0.69533801078796,
                            ["Distance"] = 51.478149414062
                        },
                        {
                            ["CFrame"] = CFrame.new(-750.01556396484, 135.40637207031, -1319.5406494141, 0.70710474252701, 0, 0.70710873603821, 0, 0.99999988079071, 0, -0.70710879564285, 0, 0.70710468292236),
                            ["TimeElapsed"] = 0.69499039649963,
                            ["Distance"] = 47.43416595459
                        },
                        {
                            ["CFrame"] = CFrame.new(-750.01556396484, 135.40675354004, -1339.5406494141, 1, 0, 0, 0, 1, 0, 0, 0, 1),
                            ["TimeElapsed"] = 0.69431710243225,
                            ["Distance"] = 45.276924133301
                        }
                    },
                    ["CFrame"] = CFrame.new(-795.01556396484, -48.979919433594, -1334.5406494141, 1, 0, 0, 0, 1, 0, 0, 0, 1),
                    ["BottomCFrame"] = CFrame.new(-795.01556396484, -73.979919433594, -1334.5406494141, 1, 0, 0, 0, 1, 0, 0, 0, 1),
                    ["TopCFrame"] = CFrame.new(-795.01556396484, 135.75003051758, -1334.5406494141, 1, 0, 0, 0, 1, 0, 0, 0, 1)
                },
                ["Sunfish"] = {
                    ["LegitCFrames"] = {},
                    ["CFrame"] = CFrame.new(-971.62548828125, -48.979919433594, -1433.9410400391, 1, 0, 0, 0, 1, 0, 0, 0, 1),
                    ["BottomCFrame"] = CFrame.new(-971.62548828125, -73.979919433594, -1433.9410400391, 1, 0, 0, 0, 1, 0, 0, 0, 1),
                    ["TopCFrame"] = CFrame.new(-971.62548828125, 135.75003051758, -1433.9410400391, 1, 0, 0, 0, 1, 0, 0, 0, 1)
                },
                ["Chinfish"] = {
                    ["LegitCFrames"] = {
                        {
                            ["CFrame"] = CFrame.new(-765.66955566406, 133.8037109375, -1102.3768310547, 1, 0, 0, 0, 1, 0, 0, 0, 1),
                            ["TimeElapsed"] = 0.66743159294128,
                            ["Distance"] = 161.40013122559
                        },
                        {
                            ["CFrame"] = CFrame.new(-810.4970703125, 133.61846923828, -978.72204589844, 0.70710682868958, 0, 0.70710676908493, 0, 1, 0, -0.70710682868958, 0, 0.70710676908493),
                            ["TimeElapsed"] = 0.6535313129425,
                            ["Distance"] = 159.53059387207
                        },
                        {
                            ["CFrame"] = CFrame.new(-805.69897460938, 133.88134765625, -987.49578857422, 0.70710682868958, 0, 0.70710676908493, 0, 1, 0, -0.70710682868958, 0, 0.70710676908493),
                            ["TimeElapsed"] = 0.66751885414124,
                            ["Distance"] = 154.43446350098
                        },
                        {
                            ["CFrame"] = CFrame.new(-756.89587402344, 141.18923950195, -1097.5787353516, 1, 0, 0, 0, 1, 0, 0, 0, 1),
                            ["TimeElapsed"] = 0.8083164691925,
                            ["Distance"] = 151.82229614258
                        },
                        {
                            ["CFrame"] = CFrame.new(-801.72326660156, 142.70709228516, -973.92395019531, -0.70710682868958, 0, 0.70710676908493, 0, 1, 0, -0.70710682868958, 0, -0.70710676908493),
                            ["TimeElapsed"] = 0.84994006156921,
                            ["Distance"] = 151.16213989258
                        },
                        {
                            ["CFrame"] = CFrame.new(-800.90087890625, 134.14419555664, -996.26953125, 0.70710682868958, 0, 0.70710676908493, 0, 1, 0, -0.70710682868958, 0, 0.70710676908493),
                            ["TimeElapsed"] = 0.66729283332825,
                            ["Distance"] = 149.83322143555
                        },
                        {
                            ["CFrame"] = CFrame.new(-796.10284423828, 134.40701293945, -1005.0432739258, 0.70710682868958, 0, 0.70710676908493, 0, 1, 0, -0.70710682868958, 0, 0.70710676908493),
                            ["TimeElapsed"] = 0.66690516471863,
                            ["Distance"] = 145.77381896973
                        },
                        {
                            ["CFrame"] = CFrame.new(-791.30474853516, 134.66987609863, -1013.8170166016, 0.70710474252701, 0, 0.70710873603821, 0, 0.99999988079071, 0, -0.70710879564285, 0, 0.70710468292236),
                            ["TimeElapsed"] = 0.66647911071777,
                            ["Distance"] = 142.30249023438
                        },
                        {
                            ["CFrame"] = CFrame.new(-786.50671386719, 134.93269348145, -1022.5907592773, 0, 0, 1, 0, 1, 0, -1, 0, 0),
                            ["TimeElapsed"] = 0.68344163894653,
                            ["Distance"] = 139.4633026123
                        },
                        {
                            ["CFrame"] = CFrame.new(-693.83483886719, 130.0106048584, -1108.6833496094, 1, 0, 0, 0, 1, 0, 0, 0, 1),
                            ["TimeElapsed"] = 0.6116726398468,
                            ["Distance"] = 127.47551727295
                        },
                        {
                            ["CFrame"] = CFrame.new(-671.48931884766, 130.55090332031, -1107.8609619141, 1, 0, 0, 0, 1, 0, 0, 0, 1),
                            ["TimeElapsed"] = 0.63777232170105,
                            ["Distance"] = 121.03723907471
                        },
                        {
                            ["CFrame"] = CFrame.new(-685.06109619141, 133.1629486084, -1103.8852539062, 1, 0, 0, 0, 1, 0, 0, 0, 1),
                            ["TimeElapsed"] = 0.65374732017517,
                            ["Distance"] = 120.20816040039
                        },
                        {
                            ["CFrame"] = CFrame.new(-662.71557617188, 133.70324707031, -1103.0628662109, 1, 0, 0, 0, 1, 0, 0, 0, 1),
                            ["TimeElapsed"] = 0.65769863128662,
                            ["Distance"] = 115.1086730957
                        },
                        {
                            ["CFrame"] = CFrame.new(-676.28735351562, 136.3152923584, -1099.0871582031, 1, 0, 0, 0, 1, 0, 0, 0, 1),
                            ["TimeElapsed"] = 0.69877743721008,
                            ["Distance"] = 113.35782623291
                        },
                        {
                            ["CFrame"] = CFrame.new(-653.94183349609, 136.85559082031, -1098.2647705078, 1, 0, 0, 0, 1, 0, 0, 0, 1),
                            ["TimeElapsed"] = 0.7126669883728,
                            ["Distance"] = 109.77249908447
                        },
                        {
                            ["CFrame"] = CFrame.new(-658.73986816406, 142.6199798584, -1089.4909667969, 0, 0, -1, 0, 1, 0, 1, 0, 0),
                            ["TimeElapsed"] = 0.85093402862549,
                            ["Distance"] = 101.24222564697
                        }
                    },
                    ["CFrame"] = CFrame.new(-651.26794433594, -48.979919433594, -988.52484130859, 1, 0, 0, 0, 1, 0, 0, 0, 1),
                    ["BottomCFrame"] = CFrame.new(-651.26794433594, -73.979919433594, -988.52484130859, 1, 0, 0, 0, 1, 0, 0, 0, 1),
                    ["TopCFrame"] = CFrame.new(-651.26794433594, 135.75003051758, -988.52484130859, 1, 0, 0, 0, 1, 0, 0, 0, 1)
                }
            },
            ["The Depths"] = {
                ["Frilled Shark"] = {
                    ["LegitCFrames"] = {
                        {
                            ["CFrame"] = CFrame.new(723.34808349609, -730.90838623047, 1267.3382568359, 0.70710474252701, 0, 0.70710873603821, 0, 0.99999988079071, 0, -0.70710879564285, 0, 0.70710468292236),
                            ["TimeElapsed"] = 0.90907764434814,
                            ["Distance"] = 28.284303665161
                        },
                        {
                            ["CFrame"] = CFrame.new(764.32263183594, -732.25634765625, 1262.7464599609, -1, 0, 0, 0, 1, 0, 0, 0, -1),
                            ["TimeElapsed"] = 0.84733724594116,
                            ["Distance"] = 22.360689163208
                        },
                        {
                            ["CFrame"] = CFrame.new(724.67791748047, -729.5673828125, 1257.4270019531, 0.70710474252701, 0, 0.70710873603821, 0, 0.99999988079071, 0, -0.70710879564285, 0, 0.70710468292236),
                            ["TimeElapsed"] = 0.94758057594299,
                            ["Distance"] = 22.360685348511
                        },
                        {
                            ["CFrame"] = CFrame.new(737.24877929688, -730.05676269531, 1238.9344482422, 1, 0, 0, 0, 1, 0, 0, 0, 1),
                            ["TimeElapsed"] = 0.92066407203674,
                            ["Distance"] = 14.142199516296
                        }
                    },
                    ["CFrame"] = CFrame.new(745.83013916016, -781.58111572266, 1250.1755371094, 1, 0, 0, 0, 1, 0, 0, 0, 1),
                    ["BottomCFrame"] = CFrame.new(745.83013916016, -792.58111572266, 1250.1755371094, 1, 0, 0, 0, 1, 0, 0, 0, 1),
                    ["TopCFrame"] = CFrame.new(745.83013916016, -739.04180908203, 1250.1755371094, 1, 0, 0, 0, 1, 0, 0, 0, 1)
                },
                ["Goblin Shark"] = {
                    ["LegitCFrames"] = {},
                    ["CFrame"] = CFrame.new(841.05627441406, -781.58111572266, 1246.1633300781, 1, 0, 0, 0, 1, 0, 0, 0, 1),
                    ["BottomCFrame"] = CFrame.new(841.05627441406, -792.58111572266, 1246.1633300781, 1, 0, 0, 0, 1, 0, 0, 0, 1),
                    ["TopCFrame"] = CFrame.new(841.05627441406, -739.04180908203, 1246.1633300781, 1, 0, 0, 0, 1, 0, 0, 0, 1)
                },
                ["Deep-sea Hatchetfish"] = {
                    ["LegitCFrames"] = {
                        {
                            ["CFrame"] = CFrame.new(1046.2186279297, -741.921875, 1425.9913330078, -0.70710682868958, 0, 0.70710682868958, 0, 1.0000001192093, 0, -0.70710682868958, 0, -0.70710682868958),
                            ["TimeElapsed"] = 0.66030049324036,
                            ["Distance"] = 84.999961853027
                        },
                        {
                            ["CFrame"] = CFrame.new(902.87036132812, -733.68304443359, 1366.3989257812, -0.70710474252701, 0, -0.70710873603821, 0, 0.99999988079071, 0, 0.70710879564285, 0, -0.70710468292236),
                            ["TimeElapsed"] = 0.8201904296875,
                            ["Distance"] = 76.321655273438
                        },
                        {
                            ["CFrame"] = CFrame.new(1036.3074951172, -741.921875, 1424.6614990234, -0.70710682868958, 0, 0.70710682868958, 0, 1.0000001192093, 0, -0.70710682868958, 0, -0.70710682868958),
                            ["TimeElapsed"] = 0.67098093032837,
                            ["Distance"] = 75.000007629395
                        },
                        {
                            ["CFrame"] = CFrame.new(912.78155517578, -733.80816650391, 1367.7287597656, -1, 0, 0, 0, 1, 0, 0, 0, -1),
                            ["TimeElapsed"] = 0.80548238754272,
                            ["Distance"] = 68.007316589355
                        },
                        {
                            ["CFrame"] = CFrame.new(1026.3963623047, -741.921875, 1423.3316650391, -0.70710474252701, 0, 0.70710873603821, 0, 0.99999988079071, 0, -0.70710879564285, 0, -0.70710468292236),
                            ["TimeElapsed"] = 0.65638256072998,
                            ["Distance"] = 65.000061035156
                        },
                        {
                            ["CFrame"] = CFrame.new(922.69268798828, -738.83392333984, 1369.05859375, -0.70710474252701, 0, 0.70710873603821, 0, 0.99999988079071, 0, -0.70710879564285, 0, -0.70710468292236),
                            ["TimeElapsed"] = 0.7297830581665,
                            ["Distance"] = 60.207981109619
                        },
                        {
                            ["CFrame"] = CFrame.new(1016.4851074219, -741.921875, 1422.0018310547, -1, 0, 0, 0, 1, 0, 0, 0, -1),
                            ["TimeElapsed"] = 0.65660262107849,
                            ["Distance"] = 54.999988555908
                        },
                        {
                            ["CFrame"] = CFrame.new(1002.5844116211, -735.84692382812, 1450.4055175781, 0.70710474252701, 0, 0.70710873603821, 0, 0.99999988079071, 0, -0.70710879564285, 0, 0.70710468292236),
                            ["TimeElapsed"] = 0.7778046131134,
                            ["Distance"] = 54.083301544189
                        },
                        {
                            ["CFrame"] = CFrame.new(991.34338378906, -738.96136474609, 1458.9868164062, 0.70710474252701, 0, 0.70710873603821, 0, 0.99999988079071, 0, -0.70710879564285, 0, 0.70710468292236),
                            ["TimeElapsed"] = 0.69908261299133,
                            ["Distance"] = 53.150737762451
                        },
                        {
                            ["CFrame"] = CFrame.new(1009.2336425781, -738.91571044922, 1400.849609375, -1, 0, 0, 0, 1, 0, 0, 0, -1),
                            ["TimeElapsed"] = 0.69892239570618,
                            ["Distance"] = 49.244277954102
                        },
                        {
                            ["CFrame"] = CFrame.new(931.87628173828, -738.17248535156, 1451.0076904297, 0.70710474252701, 0, 0.70710873603821, 0, 0.99999988079071, 0, -0.70710879564285, 0, 0.70710468292236),
                            ["TimeElapsed"] = 0.71225357055664,
                            ["Distance"] = 47.169883728027
                        },
                        {
                            ["CFrame"] = CFrame.new(992.67321777344, -738.92858886719, 1449.0756835938, 0.70710474252701, 0, 0.70710873603821, 0, 0.99999988079071, 0, -0.70710879564285, 0, 0.70710468292236),
                            ["TimeElapsed"] = 0.69945049285889,
                            ["Distance"] = 46.097759246826
                        },
                        {
                            ["CFrame"] = CFrame.new(1006.5739746094, -735.84692382812, 1420.6719970703, 0.70710474252701, 0, 0.70710873603821, 0, 0.99999988079071, 0, -0.70710879564285, 0, 0.70710468292236),
                            ["TimeElapsed"] = 0.77601480484009,
                            ["Distance"] = 45.000034332275
                        },
                        {
                            ["CFrame"] = CFrame.new(994.00305175781, -738.92858886719, 1439.1644287109, 0.70710474252701, 0, 0.70710873603821, 0, 0.99999988079071, 0, -0.70710879564285, 0, 0.70710468292236),
                            ["TimeElapsed"] = 0.69963264465332,
                            ["Distance"] = 40.311260223389
                        },
                        {
                            ["CFrame"] = CFrame.new(929.94421386719, -738.91571044922, 1390.2108154297, 0.70710474252701, 0, 0.70710873603821, 0, 0.99999988079071, 0, -0.70710879564285, 0, 0.70710468292236),
                            ["TimeElapsed"] = 0.69853758811951,
                            ["Distance"] = 40.311260223389
                        },
                        {
                            ["CFrame"] = CFrame.new(933.20611572266, -735.99688720703, 1441.0965576172, 0.70710474252701, 0, 0.70710873603821, 0, 0.99999988079071, 0, -0.70710879564285, 0, 0.70710468292236),
                            ["TimeElapsed"] = 0.76145100593567,
                            ["Distance"] = 39.051273345947
                        },
                        {
                            ["CFrame"] = CFrame.new(997.99261474609, -738.92858886719, 1409.4309082031, 0, 0, 1, 0, 1, 0, -1, 0, 0),
                            ["TimeElapsed"] = 0.70007586479187,
                            ["Distance"] = 36.400550842285
                        },
                        {
                            ["CFrame"] = CFrame.new(995.33288574219, -738.92858886719, 1429.2532958984, 0.70710474252701, 0, 0.70710873603821, 0, 0.99999988079071, 0, -0.70710879564285, 0, 0.70710468292236),
                            ["TimeElapsed"] = 0.69978380203247,
                            ["Distance"] = 36.400527954102
                        },
                        {
                            ["CFrame"] = CFrame.new(996.66278076172, -738.92858886719, 1419.3420410156, 0.70710474252701, 0, 0.70710873603821, 0, 0.99999988079071, 0, -0.70710879564285, 0, 0.70710468292236),
                            ["TimeElapsed"] = 0.69992899894714,
                            ["Distance"] = 35.000007629395
                        },
                        {
                            ["CFrame"] = CFrame.new(989.41125488281, -738.91571044922, 1398.1899414062, -0.70710474252701, 0, 0.70710873603821, 0, 0.99999988079071, 0, -0.70710879564285, 0, -0.70710468292236),
                            ["TimeElapsed"] = 0.70286321640015,
                            ["Distance"] = 32.015567779541
                        },
                        {
                            ["CFrame"] = CFrame.new(934.53601074219, -736.81805419922, 1431.1853027344, 0.70710474252701, 0, 0.70710873603821, 0, 0.99999988079071, 0, -0.70710879564285, 0, 0.70710468292236),
                            ["TimeElapsed"] = 0.74537229537964,
                            ["Distance"] = 32.015567779541
                        },
                        {
                            ["CFrame"] = CFrame.new(938.52551269531, -737.45373535156, 1401.4517822266, 0.70710474252701, 0, 0.70710873603821, 0, 0.99999988079071, 0, -0.70710879564285, 0, 0.70710468292236),
                            ["TimeElapsed"] = 0.73007678985596,
                            ["Distance"] = 26.925857543945
                        },
                        {
                            ["CFrame"] = CFrame.new(935.86584472656, -737.40490722656, 1421.2741699219, 0.70710474252701, 0, 0.70710873603821, 0, 0.99999988079071, 0, -0.70710879564285, 0, 0.70710468292236),
                            ["TimeElapsed"] = 0.7302565574646,
                            ["Distance"] = 26.925809860229
                        },
                        {
                            ["CFrame"] = CFrame.new(979.50012207031, -738.91571044922, 1396.8599853516, -0.70710474252701, 0, 0.70710873603821, 0, 0.99999988079071, 0, -0.70710879564285, 0, -0.70710468292236),
                            ["TimeElapsed"] = 0.70386147499084,
                            ["Distance"] = 25.000049591064
                        },
                        {
                            ["CFrame"] = CFrame.new(937.19567871094, -735.99688720703, 1411.3630371094, 0.70710474252701, 0, 0.70710873603821, 0, 0.99999988079071, 0, -0.70710879564285, 0, 0.70710468292236),
                            ["TimeElapsed"] = 0.76128005981445,
                            ["Distance"] = 24.999998092651
                        },
                        {
                            ["CFrame"] = CFrame.new(959.677734375, -731.31671142578, 1394.2003173828, -1, 0, 0, 0, 1, 0, 0, 0, -1),
                            ["TimeElapsed"] = 0.87898063659668,
                            ["Distance"] = 20.615547180176
                        }
                    },
                    ["CFrame"] = CFrame.new(961.9736328125, -781.58111572266, 1414.6876220703, 1, 0, 0, 0, 1, 0, 0, 0, 1),
                    ["BottomCFrame"] = CFrame.new(961.9736328125, -792.58111572266, 1414.6876220703, 1, 0, 0, 0, 1, 0, 0, 0, 1),
                    ["TopCFrame"] = CFrame.new(961.9736328125, -739.04180908203, 1414.6876220703, 1, 0, 0, 0, 1, 0, 0, 0, 1)
                }
            },
            ["Atlantean Storm"] = {},
            ["Roslit Pond"] = {
                ["Perch"] = {
                    ["LegitCFrames"] = {},
                    ["CFrame"] = CFrame.new(-1811.9697265625, 137.53131103516, 592.64276123047, 1, 0, 0, 0, 1, 0, 0, 0, 1),
                    ["BottomCFrame"] = CFrame.new(-1811.9697265625, 127.53131103516, 592.64276123047, 1, 0, 0, 0, 1, 0, 0, 0, 1),
                    ["TopCFrame"] = CFrame.new(-1811.9697265625, 151.37631225586, 592.64276123047, 1, 0, 0, 0, 1, 0, 0, 0, 1)
                },
                ["Arapaima"] = {
                    ["LegitCFrames"] = {},
                    ["CFrame"] = CFrame.new(-1761.3842773438, 137.03131103516, 596.43194580078, 1, 0, 0, 0, 1, 0, 0, 0, 1),
                    ["BottomCFrame"] = CFrame.new(-1761.3842773438, 127.03131103516, 596.43194580078, 1, 0, 0, 0, 1, 0, 0, 0, 1),
                    ["TopCFrame"] = CFrame.new(-1761.3842773438, 150.87631225586, 596.43194580078, 1, 0, 0, 0, 1, 0, 0, 0, 1)
                }
            },
            ["Volcanic Vents"] = {},
            ["Grand Reef"] = {},
            ["Sunstone Hidden"] = {
                ["Common Crate"] = {
                    ["LegitCFrames"] = {},
                    ["CFrame"] = CFrame.new(-1139.3863525391, -48.979919433594, -1076.2637939453, 1, 0, 0, 0, 1, 0, 0, 0, 1),
                    ["BottomCFrame"] = CFrame.new(-1139.3863525391, -73.979919433594, -1076.2637939453, 1, 0, 0, 0, 1, 0, 0, 0, 1),
                    ["TopCFrame"] = CFrame.new(-1139.3863525391, 135.75003051758, -1076.2637939453, 1, 0, 0, 0, 1, 0, 0, 0, 1)
                }
            },
            ["Castaway Cliffs"] = {},
            ["Snowcap Pond"] = {
                ["Burbot"] = {
                    ["LegitCFrames"] = {},
                    ["CFrame"] = CFrame.new(2789.3474121094, 259.32229614258, 2613.3110351562, 1, 0, 0, 0, 1, 0, 0, 0, 1),
                    ["BottomCFrame"] = CFrame.new(2789.3474121094, 249.32229614258, 2613.3110351562, 1, 0, 0, 0, 1, 0, 0, 0, 1),
                    ["TopCFrame"] = CFrame.new(2789.3474121094, 285.08377075195, 2613.3110351562, 1, 0, 0, 0, 1, 0, 0, 0, 1)
                },
                ["Glacier Pike"] = {
                    ["LegitCFrames"] = {},
                    ["CFrame"] = CFrame.new(2780.6892089844, 259.32229614258, 2585.564453125, 1, 0, 0, 0, 1, 0, 0, 0, 1),
                    ["BottomCFrame"] = CFrame.new(2780.6892089844, 249.32229614258, 2585.564453125, 1, 0, 0, 0, 1, 0, 0, 0, 1),
                    ["TopCFrame"] = CFrame.new(2780.6892089844, 285.08377075195, 2585.564453125, 1, 0, 0, 0, 1, 0, 0, 0, 1)
                },
                ["Sturgeon"] = {
                    ["LegitCFrames"] = {
                        {
                            ["CFrame"] = CFrame.new(2815.1059570312, 279.28381347656, 2613.7868652344, 1, 0, 0, 0, 1, 0, 0, 0, 1),
