return {
    Locations = {
        FishingZones = {
            LowCFrames = {
                ["Emberreach Ponds"] = CFrame.new(2935.9064941406, 124.04440307617, 439.69427490234, 1, 0, 0, 0, 1, 0, 0, 0, 1),
                Waveborne = CFrame.new(254.16278076172, 42.022998809814, 678.63427734375, 1, 0, 0, 0, 1, 0, 0, 0, 1),
                ["Whale Interior"] = CFrame.new(-26.987213134766, -1366.3420410156, -2124.57421875, 1, 0, 0, 0, 1, 0, 0, 0, 1),
                ["Treasure Island"] = CFrame.new(-1677.1271972656, 42.022998809814, -12137.994140625, 1, 0, 0, 0, 1, 0, 0, 0, 1),
                ["Emberreach Lava"] = CFrame.new(3478.3139648438, 691.94409179688, 521.52136230469, 1, 0, 0, 0, 1, 0, 0, 0, 1),
                ["The Cursed Shores"] = CFrame.new(-422.24349975586, 42.022998809814, 2163.0634765625, 1, 0, 0, 0, 1, 0, 0, 0, 1),
                ["Gilded Arch"] = CFrame.new(445.16848754883, 42.532390594482, 2990.9406738281, 1, 0, 0, 0, 1, 0, 0, 0, 1),
                Emberreach = CFrame.new(3104.7194824219, 42.022998809814, 487.33251953125, 1, 0, 0, 0, 1, 0, 0, 0, 1),
                ["Carrot Garden - "] = CFrame.new(1261.6439208984, -556.57745361328, -1081.4616699219, 1, 0, 0, 0, 1, 0, 0, 0, 1),
                ["Carrot Garden"] = CFrame.new(1261.6439208984, -626.81414794922, -1081.4616699219, 1, 0, 0, 0, 1, 0, 0, 0, 1),
                Lushgrove = CFrame.new(1272.9597167969, 42.022998809814, -729.80871582031, 1, 0, 0, 0, 1, 0, 0, 0, 1),
                ["Azure Lagoon"] = CFrame.new(1408.4803466797, 42.022998809814, 2307.16796875, 1, 0, 0, 0, 1, 0, 0, 0, 1),
                ["Pine Shoal"] = CFrame.new(1262.5302734375, 42.022998809814, 554.29302978516, 1, 0, 0, 0, 1, 0, 0, 0, 1),
                ["Isle of New Beginnings"] = CFrame.new(-447.93148803711, 42.022998809814, -493.75921630859, 1, 0, 0, 0, 1, 0, 0, 0, 1),
                ["Open Ocean"] = CFrame.new(5351.5122070312, 42.022998809814, 7215.208984375, 1, 0, 0, 0, 1, 0, 0, 0, 1)
            },
            CFrames = {
                ["Emberreach Ponds"] = CFrame.new(2935.9064941406, 134.04440307617, 439.69427490234, 1, 0, 0, 0, 1, 0, 0, 0, 1),
                Waveborne = CFrame.new(254.16278076172, 52.022998809814, 678.63427734375, 1, 0, 0, 0, 1, 0, 0, 0, 1),
                ["Whale Interior"] = CFrame.new(-26.987213134766, -1356.3420410156, -2124.57421875, 1, 0, 0, 0, 1, 0, 0, 0, 1),
                ["Treasure Island"] = CFrame.new(-1677.1271972656, 52.022998809814, -12137.994140625, 1, 0, 0, 0, 1, 0, 0, 0, 1),
                ["Emberreach Lava"] = CFrame.new(3478.3139648438, 701.94409179688, 521.52136230469, 1, 0, 0, 0, 1, 0, 0, 0, 1),
                ["The Cursed Shores"] = CFrame.new(-422.24349975586, 52.022998809814, 2163.0634765625, 1, 0, 0, 0, 1, 0, 0, 0, 1),
                ["Gilded Arch"] = CFrame.new(445.16848754883, 52.532390594482, 2990.9406738281, 1, 0, 0, 0, 1, 0, 0, 0, 1),
                Emberreach = CFrame.new(3104.7194824219, 52.022998809814, 487.33251953125, 1, 0, 0, 0, 1, 0, 0, 0, 1),
                ["Carrot Garden - "] = CFrame.new(1261.6439208984, -556.57745361328, -1081.4616699219, 1, 0, 0, 0, 1, 0, 0, 0, 1),
                ["Carrot Garden"] = CFrame.new(1261.6439208984, -616.81414794922, -1081.4616699219, 1, 0, 0, 0, 1, 0, 0, 0, 1),
                Lushgrove = CFrame.new(1272.9597167969, 52.022998809814, -729.80871582031, 1, 0, 0, 0, 1, 0, 0, 0, 1),
                ["Azure Lagoon"] = CFrame.new(1408.4803466797, 52.022998809814, 2307.16796875, 1, 0, 0, 0, 1, 0, 0, 0, 1),
                ["Pine Shoal"] = CFrame.new(1262.5302734375, 52.022998809814, 554.29302978516, 1, 0, 0, 0, 1, 0, 0, 0, 1),
                ["Isle of New Beginnings"] = CFrame.new(-447.93148803711, 52.022998809814, -493.75921630859, 1, 0, 0, 0, 1, 0, 0, 0, 1),
                ["Open Ocean"] = CFrame.new(5351.5122070312, 52.022998809814, 7215.208984375, 1, 0, 0, 0, 1, 0, 0, 0, 1)
            },
            TopCFrames = {
                ["Emberreach Ponds"] = CFrame.new(2935.9064941406, 165.04440307617, 439.69427490234, 1, 0, 0, 0, 1, 0, 0, 0, 1),
                Waveborne = CFrame.new(254.16278076172, 83.022994995117, 678.63427734375, 1, 0, 0, 0, 1, 0, 0, 0, 1),
                ["Whale Interior"] = CFrame.new(-26.987213134766, -1344.5419921875, -2124.57421875, 1, 0, 0, 0, 1, 0, 0, 0, 1),
                ["Treasure Island"] = CFrame.new(-1677.1271972656, 83.022994995117, -12137.994140625, 1, 0, 0, 0, 1, 0, 0, 0, 1),
                ["Emberreach Lava"] = CFrame.new(3478.3139648438, 719.60498046875, 521.52136230469, 1, 0, 0, 0, 1, 0, 0, 0, 1),
                ["The Cursed Shores"] = CFrame.new(-422.24349975586, 83.022994995117, 2163.0634765625, 1, 0, 0, 0, 1, 0, 0, 0, 1),
                ["Gilded Arch"] = CFrame.new(445.16848754883, 83.53239440918, 2990.9406738281, 1, 0, 0, 0, 1, 0, 0, 0, 1),
                Emberreach = CFrame.new(3104.7194824219, 83.022994995117, 487.33251953125, 1, 0, 0, 0, 1, 0, 0, 0, 1),
                ["Carrot Garden - "] = CFrame.new(1261.6439208984, -556.57745361328, -1081.4616699219, 1, 0, 0, 0, 1, 0, 0, 0, 1),
                ["Carrot Garden"] = CFrame.new(1261.6439208984, -616.98455810547, -1081.4616699219, 1, 0, 0, 0, 1, 0, 0, 0, 1),
                Lushgrove = CFrame.new(1272.9597167969, 83.022994995117, -729.80871582031, 1, 0, 0, 0, 1, 0, 0, 0, 1),
                ["Azure Lagoon"] = CFrame.new(1408.4803466797, 83.022994995117, 2307.16796875, 1, 0, 0, 0, 1, 0, 0, 0, 1),
                ["Pine Shoal"] = CFrame.new(1262.5302734375, 83.022994995117, 554.29302978516, 1, 0, 0, 0, 1, 0, 0, 0, 1),
                ["Isle of New Beginnings"] = CFrame.new(-447.93148803711, 83.022994995117, -493.75921630859, 1, 0, 0, 0, 1, 0, 0, 0, 1),
                ["Open Ocean"] = CFrame.new(5351.5122070312, 83.022994995117, 7215.208984375, 1, 0, 0, 0, 1, 0, 0, 0, 1)
            },
            Names = {
                "The Cursed Shores",
                "Lushgrove",
                "Waveborne",
                "Treasure Island",
                "Gilded Arch",
                "Emberreach",
                "Open Ocean",
                "Isle of New Beginnings",
                "Azure Lagoon",
                "Carrot Garden",
                "Carrot Garden - ",
                "Pine Shoal",
                "Whale Interior",
                "Emberreach Lava",
                "Emberreach Ponds"
            }
        },
        NPCs = {
            CFrames = {
                Appraiser = CFrame.new(141.73913574219, 117.92318725586, 704.03479003906, 0.99888116121292, 0, 0.047291241586208, 0, 1, 0, -0.047291241586208, 0, 0.99888116121292),
                ["Waveborne Shipwright"] = CFrame.new(391.24557495117, 86.797554016113, 824.30059814453, 0.81655073165894, 0, -0.57727372646332, 0, 1, 0, 0.57727372646332, 0, 0.81655073165894),
                ["Waveborne Angler"] = CFrame.new(58.444675445557, 161.09379577637, 860.08660888672, 0.82538282871246, 0, -0.56457340717316, 0, 1, 0, 0.56457340717316, 0, 0.82538282871246),
                ["Sea Traveler"] = CFrame.new(443.94046020508, 82.380348205566, 811.1396484375, 0.4905209839344, 0.14366045594215, 0.85950618982315, -0.074399635195732, 0.98962044715881, -0.12294816970825, -0.86824756860733, -0.0036382805556059, 0.49611786007881)
            },
            _ToFetch = {},
            Names = {
                "Appraiser",
                "Waveborne Shipwright",
                "Waveborne Angler",
                "Sea Traveler"
            }
        },
        Safe = {
            CFrames = {
                ["Emberreach Ponds"] = CFrame.new(2935.9064941406, 182.97348022461, 439.69427490234, 1, 0, 0, 0, 1, 0, 0, 0, 1),
                Waveborne = CFrame.new(444.02059936523, 82.187675476074, 810.67791748047, 1, 0, 0, 0, 1, 0, 0, 0, 1),
                ["Whale Interior"] = CFrame.new(-26.987213134766, -1294.5367431641, -2124.57421875, 1, 0, 0, 0, 1, 0, 0, 0, 1),
                ["Treasure Island"] = CFrame.new(-1449.2111816406, 98.992622375488, -12238.346679688, 0.85590320825577, 0, -0.51713609695435, 0, 1, 0, 0.51713609695435, 0, 0.85590320825577),
                ["Emberreach Lava"] = CFrame.new(3478.3139648438, 682.85736083984, 521.52136230469, 1, 0, 0, 0, 1, 0, 0, 0, 1),
                ["The Cursed Shores"] = CFrame.new(-220.32940673828, 90.037673950195, 1961.4782714844, 1, 0, 0, 0, 1, 0, 0, 0, 1),
                ["Gilded Arch"] = CFrame.new(420.72048950195, 87.787673950195, 2896.5278320312, 1, 0, 0, 0, 1, 0, 0, 0, 1),
                Emberreach = CFrame.new(3104.7194824219, 141.6725769043, 487.33245849609, 1, 0, 0, 0, 1, 0, 0, 0, 1),
                ["Carrot Garden - "] = CFrame.new(1261.6439208984, -556.57745361328, -1081.4616699219, 1, 0, 0, 0, 1, 0, 0, 0, 1),
                ["Carrot Garden"] = CFrame.new(1263.1662597656, -621.01727294922, -1068.3046875, 0.85590320825577, 0, -0.51713609695435, 0, 1, 0, 0.51713609695435, 0, 0.85590320825577),
                Lushgrove = CFrame.new(978.07061767578, 148.83767700195, -778.07202148438, 1, 0, 0, 0, 1, 0, 0, 0, 1),
                ["Azure Lagoon"] = CFrame.new(1349.2205810547, 102.68767547607, 2259.0783691406, 1, 0, 0, 0, 1, 0, 0, 0, 1),
                ["Pine Shoal"] = CFrame.new(1185.470703125, 82.187675476074, 499.32794189453, 1, 0, 0, 0, 1, 0, 0, 0, 1),
                ["Isle of New Beginnings"] = CFrame.new(-379.57949829102, 82.687675476074, -544.97204589844, 0, 0, 1, 0, 1, 0, -1, 0, 0),
                ["Open Ocean"] = CFrame.new(5351.5122070312, 58.022998809814, 7215.208984375, 1, 0, 0, 0, 1, 0, 0, 0, 1)
            },
            Names = {
                "The Cursed Shores",
                "Lushgrove",
                "Waveborne",
                "Treasure Island",
                "Gilded Arch",
                "Emberreach",
                "Open Ocean",
                "Isle of New Beginnings",
                "Azure Lagoon",
                "Carrot Garden",
                "Carrot Garden - ",
                "Pine Shoal",
                "Whale Interior",
                "Emberreach Lava",
                "Emberreach Ponds"
            }
        },
        TeleportSpots = {
            CFrames = {
                ember = CFrame.new(3396.3813476562, 191.49768066406, 577.49792480469, -0.97597050666809, 0.1794541478157, -0.1236035823822, 0.18592596054077, 0.9816272854805, -0.042888276278973, 0.11363616585732, -0.0648388043046, -0.99140441417694),
                carrotgardenentrance = CFrame.new(1302.6590576172, 134.00477600098, -935.83721923828, -0.85109102725983, 0, 0.52501893043518, 0, 1, 0, -0.52501893043518, 0, -0.85109102725983),
                carrotgarden = CFrame.new(1263.1662597656, -624.01727294922, -1068.3046875, 0.85590320825577, -0, -0.51713609695435, 0, 1, -0, 0.51713609695435, 0, 0.85590320825577),
                whale = CFrame.new(-30.851186752319, -1348.2673339844, -2089.4663085938, 0.85590320825577, -0, -0.51713609695435, 0, 1, -0, 0.51713609695435, 0, 0.85590320825577),
                enchantaltar = CFrame.new(1584.37890625, -1519.5483398438, -352.46884155273, 1, 0, 0, 0, 1, 0, 0, 0, 1),
                baseplate = CFrame.new(0, 7.5651245117188, 14.000244140625, -1, 0, 0, 0, 1, 0, 0, 0, -1),
                realm = CFrame.new(1584.9678955078, -1520.9187011719, -352.77810668945, 1, 0, 0, 0, 1, 0, 0, 0, 1),
                treasureisland = CFrame.new(-1449.2111816406, 95.992622375488, -12238.346679688, 0.85590320825577, -0, -0.51713609695435, 0, 1, -0, 0.51713609695435, 0, 0.85590320825577),
                enchantelevator = CFrame.new(1202.1395263672, 118.3876953125, -775.61694335938, -0.60749387741089, 0, 0.79432433843613, 0, 1, 0, -0.79432433843613, 0, -0.60749387741089)
            },
            Names = {
                "baseplate",
                "enchantelevator",
                "carrotgardenentrance",
                "carrotgarden",
                "enchantaltar",
                "realm",
                "ember",
                "whale",
                "treasureisland"
            }
        },
        Interactables = {
            CFrames = {
                ["Enchant Altar"] = CFrame.new(1585.9517822266, -1513.8800048828, -775.00640869141, 0.99997305870056, 0, 0.0073373215273023, 0, 1, 0, -0.0073373215273023, 0, 0.99997305870056)
            },
            _ToFetch = {},
            Names = {
                "Enchant Altar"
            }
        },
        HasAbundance = {
            ["Carrot Garden"] = true
        },
        Unsafe = {
            CFrames = {
                ["Emberreach Ponds"] = CFrame.new(2935.9064941406, 140.04440307617, 439.69427490234, 1, 0, 0, 0, 1, 0, 0, 0, 1),
                Waveborne = CFrame.new(444.02059936523, 82.187675476074, 810.67791748047, 1, 0, 0, 0, 1, 0, 0, 0, 1),
                ["Whale Interior"] = CFrame.new(-26.987213134766, -1359.9420166016, -2124.57421875, 1, 0, 0, 0, 1, 0, 0, 0, 1),
                ["Treasure Island"] = CFrame.new(-1449.2111816406, 98.992622375488, -12238.346679688, 0.85590320825577, 0, -0.51713609695435, 0, 1, 0, 0.51713609695435, 0, 0.85590320825577),
                ["Emberreach Lava"] = CFrame.new(3478.3139648438, 701.27453613281, 521.52136230469, -0.96598494052887, 0.019054109230638, 0.25789546966553, 0.0021595768630505, 0.99784141778946, -0.065634585916996, -0.25858938694, -0.062845073640347, -0.96394097805023),
                ["The Cursed Shores"] = CFrame.new(-220.32940673828, 90.037673950195, 1961.4782714844, 1, 0, 0, 0, 1, 0, 0, 0, 1),
                ["Gilded Arch"] = CFrame.new(420.72048950195, 87.787673950195, 2896.5278320312, 1, 0, 0, 0, 1, 0, 0, 0, 1),
                Emberreach = CFrame.new(3104.7194824219, 58.022998809814, 487.33251953125, 1, 0, 0, 0, 1, 0, 0, 0, 1),
                ["Carrot Garden - "] = CFrame.new(1261.6439208984, -626.39935302734, -1081.4616699219, 0.65763592720032, -0.00037146417889744, 0.7533358335495, -5.7115801610053e-05, 0.99999982118607, 0.00054295256268233, -0.75333595275879, -0.000400092540076, 0.65763580799103),
                ["Carrot Garden"] = CFrame.new(1263.1662597656, -621.01727294922, -1068.3046875, 0.85590320825577, 0, -0.51713609695435, 0, 1, 0, 0.51713609695435, 0, 0.85590320825577),
                Lushgrove = CFrame.new(978.07061767578, 148.83767700195, -778.07202148438, 1, 0, 0, 0, 1, 0, 0, 0, 1),
                ["Azure Lagoon"] = CFrame.new(1349.2205810547, 102.68767547607, 2259.0783691406, 1, 0, 0, 0, 1, 0, 0, 0, 1),
                ["Pine Shoal"] = CFrame.new(1185.470703125, 82.187675476074, 499.32794189453, 1, 0, 0, 0, 1, 0, 0, 0, 1),
                ["Isle of New Beginnings"] = CFrame.new(-379.57949829102, 82.687675476074, -544.97204589844, 0, 0, 1, 0, 1, 0, -1, 0, 0),
                ["Open Ocean"] = CFrame.new(5351.5122070312, 58.022998809814, 7215.208984375, 1, 0, 0, 0, 1, 0, 0, 0, 1)
            },
            Names = {
                "The Cursed Shores",
                "Lushgrove",
                "Waveborne",
                "Treasure Island",
                "Gilded Arch",
                "Emberreach",
                "Open Ocean",
                "Isle of New Beginnings",
                "Azure Lagoon",
                "Carrot Garden",
                "Carrot Garden - ",
                "Pine Shoal",
                "Whale Interior",
                "Emberreach Lava",
                "Emberreach Ponds"
            }
        }
    },
    SpecialEvents = {
        "Blue Moon Pool",
        "Octophant Pool",
        "Animal Pool"
    },
    ZonesAliases = {},
    SpecialEventsAliases = {
        ["Blue Moon Pool"] = {
            "Blue Moon Pool",
            "Blue Moon - Second Sea"
        },
        ["Octophant Pool"] = {
            "Octophant Pool Without Elephant",
            "Octophant Pool With Elephant"
        },
        ["Animal Pool"] = {
            "Animal Pool",
            "Animal Pool - Second Sea"
        }
    }
}
