return {
    Interactables = {
        ["Enchant Altar"] = CFrame.new(1310.5465087891, -797.96960449219, -82.730346679688, 0.99997305870056, 0, 0.0073373215273023, 0, 1, 0, -0.0073373215273023, 0, 0.99997305870056)
    },
    SpecialEvents = {
        "Forsaken Veil - Scylla",
        "Lovestorm Eel",
        "Lovestorm Eel Supercharged",
        "Orcas Pool",
        "Ancient Orcas Pool",
        "Megalodon Default",
        "Megalodon Ancient",
        "Whale Shark",
        "Great Hammerhead Shark",
        "Great White Shark",
        "The Kraken Pool",
        "Ancient Kraken Pool",
        "Isonade",
        "Golden Tide"
    },
    Locations = {
        Safe = {
            CFrames = {
                ["Overgrowth Caves"] = CFrame.new(19640.79296875, 137.18524169922, 5249.4340820312, -0.47142148017883, 0, -0.88190805912018, 0, 1, 0, 0.88190805912018, 0, -0.47142148017883),
                Roslit = CFrame.new(-1476.5114746094, 133.16842651367, 671.68530273438, 0, 0, -1, 0, 1, 0, 1, 0, 0),
                ["Ancient Isle"] = CFrame.new(6072.9819335938, 201.50912475586, 296.28106689453, 0.12510204315186, -0.00030841995612718, -0.99214386940002, 8.0046702350955e-05, 0.99999994039536, -0.00030076882103458, 0.99214386940002, -4.1791048715822e-05, 0.1251021027565),
                Sunstone = CFrame.new(-933.25970458984, 131.14395141602, -1119.5206298828, -0.34204268455505, 0, -0.93968439102173, 0, 1, 0, 0.93968439102173, 0, -0.34204268455505),
                ["Calm Zone"] = CFrame.new(-4344.8969726562, -11164.483398438, 3750.4223632812, 1, 0, 0, 0, 1, 0, 0, 0, 1),
                Mushgrove = CFrame.new(2501.4858398438, 130.75833129883, -720.69946289062, 0, 0, -1, 0, 1, 0, 1, 0, 0),
                ["Forsaken Shores"] = CFrame.new(-2530.1975097656, 135.01515197754, 1558.6446533203, 0, 0, -1, 0, 1, 0, 1, 0, 0),
                ["Frigid Cavern"] = CFrame.new(19759.77734375, 420.98226928711, 5402.3203125, -0.52804124355316, 0, -0.84921878576279, 0, 1, 0, 0.84921878576279, 0, -0.52804124355316),
                ["Atlantean Storm"] = CFrame.new(-3827.2763671875, 140.80131530762, 372.40759277344, 1, 0, 0, 0, 1, 0, 0, 0, 1),
                ["Abyssal Zenith"] = CFrame.new(-13518.84765625, -11050.122070312, 116.59420776367, -0.82528078556061, 0, 0.56472253799438, 0, 1, 0, -0.56472253799438, 0, -0.82528078556061),
                ["Volcanic Vents"] = CFrame.new(-3395.341796875, -2260.0668945312, 3837.6118164062, -0.82528078556061, 0, 0.56472253799438, 0, 1, 0, -0.56472253799438, 0, -0.82528078556061),
                Vertigo = CFrame.new(-112.00727844238, -489.9010925293, 1040.3278808594, -1, 0, 0, 0, 1, 0, 0, 0, -1),
                ["The Depths"] = CFrame.new(568.15270996094, -698.88110351562, 1230.8479003906, -1, 0, 0, 0, 1, 0, 0, 0, -1),
                Ocean = CFrame.new(3569.0708007812, -33.200325012207, 6696.6821289062, 1, 0, 0, 0, 1, 0, 0, 0, 1),
                Terrapin = CFrame.new(-143.83850097656, 144.16583251953, 1909.5109863281, -0.16683542728424, 0.012249407358468, -0.98590868711472, 0.033638164401054, 0.99941146373749, 0.0067249219864607, 0.98541074991226, -0.032042197883129, -0.16714930534363),
                ["Cryogenic Canal"] = CFrame.new(20303.177734375, 709.50573730469, 5767.0732421875, -0.52804124355316, 0, -0.84921878576279, 0, 1, 0, 0.84921878576279, 0, -0.52804124355316),
                ["Ancient Archives"] = CFrame.new(-3155.0222167969, -747.66784667969, 2193.1369628906, 1, 0, 0, 0, 1, 0, 0, 0, 1),
                Snowcap = CFrame.new(2648.67578125, 142.06605529785, 2521.2973632812, 0.46483319997787, 0, 0.88539826869965, 0, 1, 0, -0.88539826869965, 0, 0.46483319997787),
                ["Grand Reef"] = CFrame.new(-3565.7670898438, 157.36061096191, 535.24652099609, -0.4578446149826, 0, -0.88903224468231, 0, 1, 0, 0.88903224468231, 0, -0.4578446149826),
                ["Brine Pool"] = CFrame.new(-1796.3830566406, -135.69418334961, -3345.5881347656, 1, 0, 0, 0, 1, 0, 0, 0, 1),
                Moosewood = CFrame.new(383.10113525391, 134.24060058594, 243.93385314941, -0.4578446149826, 0, -0.88903224468231, 0, 1, 0, 0.88903224468231, 0, -0.4578446149826),
                ["Keepers Altar"] = CFrame.new(1294.5756835938, -804.36505126953, -307.56521606445, 0.033169567584991, 0, 0.99944972991943, 0, 1, 0, -0.99944972991943, 0, 0.033169567584991),
                ["Glacial Grotto"] = CFrame.new(19903.4453125, 1159.927734375, 5510.076171875, -0.52804124355316, 0, -0.84921878576279, 0, 1, 0, 0.84921878576279, 0, -0.52804124355316),
                ["Desolate Deep"] = CFrame.new(-1659.6392822266, -214.18084716797, -2853.107421875, 0.68513262271881, 0.00026122468989342, 0.72841835021973, -5.5720061936881e-05, 0.99999994039536, -0.0003062101022806, -0.72841835021973, 0.00016920702182688, 0.68513262271881),
                Atlantis = CFrame.new(-4265.130859375, -599.57458496094, 1830.8073730469, -0.99884450435638, 0, -0.048067476600409, 0, 1, 0, 0.048067476600409, 0, -0.99884450435638)
            },
            Names = {
                "Abyssal Zenith",
                "Ancient Archives",
                "Ancient Isle",
                "Atlantean Storm",
                "Atlantis",
                "Brine Pool",
                "Calm Zone",
                "Cryogenic Canal",
                "Desolate Deep",
                "Forsaken Shores",
                "Frigid Cavern",
                "Glacial Grotto",
                "Grand Reef",
                "Keepers Altar",
                "Moosewood",
                "Mushgrove",
                "Ocean",
                "Overgrowth Caves",
                "Roslit",
                "Snowcap",
                "Sunstone",
                "Terrapin",
                "The Depths",
                "Vertigo",
                "Volcanic Vents"
            }
        },
        Unsafe = {
            CFrames = {
                ["Overgrowth Caves"] = CFrame.new(19640.79296875, 137.18524169922, 5249.4340820312, -0.47142148017883, 0, -0.88190805912018, 0, 1, 0, 0.88190805912018, 0, -0.47142148017883),
                Roslit = CFrame.new(-1476.5114746094, 133.16842651367, 671.68530273438, 0, 0, -1, 0, 1, 0, 1, 0, 0),
                ["Ancient Isle"] = CFrame.new(6072.9819335938, 201.50912475586, 296.28106689453, 0.12510204315186, -0.00030841995612718, -0.99214386940002, 8.0046702350955e-05, 0.99999994039536, -0.00030076882103458, 0.99214386940002, -4.1791048715822e-05, 0.1251021027565),
                Sunstone = CFrame.new(-933.25970458984, 131.14395141602, -1119.5206298828, -0.34204268455505, 0, -0.93968439102173, 0, 1, 0, 0.93968439102173, 0, -0.34204268455505),
                ["Calm Zone"] = CFrame.new(-4344.8969726562, -11259.731445312, 3750.4223632812, 1, 0, 0, 0, 1, 0, 0, 0, 1),
                Mushgrove = CFrame.new(2501.4858398438, 130.75833129883, -720.69946289062, 0, 0, -1, 0, 1, 0, 1, 0, 0),
                ["Forsaken Shores"] = CFrame.new(-2530.1975097656, 135.01515197754, 1558.6446533203, 0, 0, -1, 0, 1, 0, 1, 0, 0),
                ["Frigid Cavern"] = CFrame.new(19759.77734375, 420.98226928711, 5402.3203125, -0.52804124355316, 0, -0.84921878576279, 0, 1, 0, 0.84921878576279, 0, -0.52804124355316),
                ["Atlantean Storm"] = CFrame.new(-3827.2763671875, 11.702537536621, 372.40759277344, 0, 0, -1, 0, 1, 0, 1, 0, 0),
                ["Abyssal Zenith"] = CFrame.new(-13518.84765625, -11050.122070312, 116.59420776367, -0.82528078556061, 0, 0.56472253799438, 0, 1, 0, -0.56472253799438, 0, -0.82528078556061),
                ["Volcanic Vents"] = CFrame.new(-3395.341796875, -2260.0668945312, 3837.6118164062, -0.82528078556061, 0, 0.56472253799438, 0, 1, 0, -0.56472253799438, 0, -0.82528078556061),
                Vertigo = CFrame.new(-112.00727844238, -489.9010925293, 1040.3278808594, -1, 0, 0, 0, 1, 0, 0, 0, -1),
                ["The Depths"] = CFrame.new(568.15270996094, -698.88110351562, 1230.8479003906, -1, 0, 0, 0, 1, 0, 0, 0, -1),
                Ocean = CFrame.new(3569.0708007812, 26.385051727295, 6696.6821289062, 1, 0, 0, 0, 1, 0, 0, 0, 1),
                Terrapin = CFrame.new(-143.83850097656, 144.16583251953, 1909.5109863281, -0.16683542728424, 0.012249407358468, -0.98590868711472, 0.033638164401054, 0.99941146373749, 0.0067249219864607, 0.98541074991226, -0.032042197883129, -0.16714930534363),
                ["Cryogenic Canal"] = CFrame.new(20303.177734375, 709.50573730469, 5767.0732421875, -0.52804124355316, 0, -0.84921878576279, 0, 1, 0, 0.84921878576279, 0, -0.52804124355316),
                ["Ancient Archives"] = CFrame.new(-3155.0222167969, -747.66784667969, 2193.1369628906, 1, 0, 0, 0, 1, 0, 0, 0, 1),
                Snowcap = CFrame.new(2648.67578125, 142.06605529785, 2521.2973632812, 0.46483319997787, 0, 0.88539826869965, 0, 1, 0, -0.88539826869965, 0, 0.46483319997787),
                ["Grand Reef"] = CFrame.new(-3565.7670898438, 157.36061096191, 535.24652099609, -0.4578446149826, 0, -0.88903224468231, 0, 1, 0, 0.88903224468231, 0, -0.4578446149826),
                ["Brine Pool"] = CFrame.new(-1796.3830566406, -221.48301696777, -3345.5881347656, 0, 0, 1, 0, 1, -0, -1, 0, 0),
                Moosewood = CFrame.new(383.10113525391, 134.24060058594, 243.93385314941, -0.4578446149826, 0, -0.88903224468231, 0, 1, 0, 0.88903224468231, 0, -0.4578446149826),
                ["Keepers Altar"] = CFrame.new(1294.5756835938, -804.36505126953, -307.56521606445, 0.033169567584991, 0, 0.99944972991943, 0, 1, 0, -0.99944972991943, 0, 0.033169567584991),
                ["Glacial Grotto"] = CFrame.new(19903.4453125, 1159.927734375, 5510.076171875, -0.52804124355316, 0, -0.84921878576279, 0, 1, 0, 0.84921878576279, 0, -0.52804124355316),
                ["Desolate Deep"] = CFrame.new(-1659.6392822266, -214.18084716797, -2853.107421875, 0.68513262271881, 0.00026122468989342, 0.72841835021973, -5.5720061936881e-05, 0.99999994039536, -0.0003062101022806, -0.72841835021973, 0.00016920702182688, 0.68513262271881),
                Atlantis = CFrame.new(-4265.130859375, -599.57458496094, 1830.8073730469, -0.99884450435638, 0, -0.048067476600409, 0, 1, 0, 0.048067476600409, 0, -0.99884450435638)
            },
            Names = {
                "Abyssal Zenith",
                "Ancient Archives",
                "Ancient Isle",
                "Atlantean Storm",
                "Atlantis",
                "Brine Pool",
                "Calm Zone",
                "Cryogenic Canal",
                "Desolate Deep",
                "Forsaken Shores",
                "Frigid Cavern",
                "Glacial Grotto",
                "Grand Reef",
                "Keepers Altar",
                "Moosewood",
                "Mushgrove",
                "Ocean",
                "Overgrowth Caves",
                "Roslit",
                "Snowcap",
                "Sunstone",
                "Terrapin",
                "The Depths",
                "Vertigo",
                "Volcanic Vents"
            }
        }
    },
    NPCs = {
        Appraiser = CFrame.new(453.18237304688, 152.00003051758, 206.90878295898, -1.1920928955078e-07, 0, 1.0000001192093, 0, 1, 0, -1.0000001192093, 0, -1.1920928955078e-07),
        ["Moosewood Shipwright"] = CFrame.new(357.97259521484, 135.11596679688, 258.15454101562, 0, 0, -1, 0, 1, 0, 1, 0, 0),
        ["Jack Marrow"] = CFrame.new(-2829.8474121094, 212.74833679199, 1517.4110107422, 0.26070648431778, 0.039479020982981, -0.96461051702499, -0.049784831702709, 0.9983839392662, 0.027405861765146, 0.96413362026215, 0.040878087282181, 0.26225054264069),
        Merlin = CFrame.new(-928.03283691406, 225.20002746582, -998.74499511719, -0.86823225021362, 0, 0.49615788459778, 0, 1, 0, -0.49615788459778, 0, -0.86823225021362)
    }
}