return {
    Interactables = {
        ["Enchant Altar"] = CFrame.new(1310.5465087891, -797.96960449219, -82.730346679688, 0.99997305870056, 0, 0.0073373215273023, 0, 1, 0, -0.0073373215273023, 0, 0.99997305870056)
    },
    SpecialEvents = {
        "Forsaken Veil - Scylla",
        "Orcas Pool",
        "Ancient Orcas Pool",
        "Megalodon Default",
        "Megalodon Ancient",
        "Whale Shark",
        "Great Hammerhead Shark",
        "Great White Shark",
        "The Kraken Pool",
        "Ancient Kraken Pool",
        "Isonade",
        "Golden Tide"
    },
    Locations = {
        Safe = {
            CFrames = {
                ["Overgrowth Caves"] = CFrame.new(19640.79296875, 137.18524169922, 5249.4340820312, -0.47142148017883, 0, -0.88190805912018, 0, 1, 0, 0.88190805912018, 0, -0.47142148017883),
                Roslit = CFrame.new(-1476.5114746094, 133.16842651367, 671.68530273438, 0, 0, -1, 0, 1, 0, 1, 0, 0),
                ["Ancient Isle"] = CFrame.new(6075.0366210938, 201.50923156738, 311.98101806641, -0.15633368492126, -0.00030904074083082, -0.98770427703857, -8.4780702309217e-05, 0.99999994039536, -0.00029946884023957, 0.98770427703857, 3.6921206628904e-05, -0.15633368492126),
                Sunstone = CFrame.new(-933.25970458984, 131.14395141602, -1119.5206298828, -0.34204268455505, 0, -0.93968439102173, 0, 1, 0, 0.93968439102173, 0, -0.34204268455505),
                ["Calm Zone"] = CFrame.new(-4344.8969726562, -11164.483398438, 3750.4223632812, 1, 0, 0, 0, 1, 0, 0, 0, 1),
                Mushgrove = CFrame.new(2501.4858398438, 130.75833129883, -720.69946289062, 0, 0, -1, 0, 1, 0, 1, 0, 0),
                ["Forsaken Shores"] = CFrame.new(-2545.58984375, 132.76513671875, 1519.6915283203, -1, 0, 0, 0, 1, 0, 0, 0, -1),
                ["Frigid Cavern"] = CFrame.new(19759.77734375, 420.98226928711, 5402.3203125, -0.52804124355316, 0, -0.84921878576279, 0, 1, 0, 0.84921878576279, 0, -0.52804124355316),
                ["Atlantean Storm"] = CFrame.new(-3665.8588867188, 150.96803283691, 738.87634277344, 1, 0, 0, 0, 1, 0, 0, 0, 1),
                ["Abyssal Zenith"] = CFrame.new(-13518.84765625, -11050.122070312, 116.59420776367, -0.82528078556061, 0, 0.56472253799438, 0, 1, 0, -0.56472253799438, 0, -0.82528078556061),
                ["Volcanic Vents"] = CFrame.new(-3407.9072265625, -2260.0668945312, 3856.4709472656, -0.82528078556061, 0, 0.56472253799438, 0, 1, 0, -0.56472253799438, 0, -0.82528078556061),
                Vertigo = CFrame.new(-112.00727844238, -489.9010925293, 1040.3278808594, -1, 0, 0, 0, 1, 0, 0, 0, -1),
                ["The Depths"] = CFrame.new(568.15270996094, -698.88110351562, 1230.8479003906, -1, 0, 0, 0, 1, 0, 0, 0, -1),
                Ocean = CFrame.new(-619.48315429688, 21.74649810791, -158.47914123535, 1, 0, 0, 0, 1, 0, 0, 0, 1),
                Terrapin = CFrame.new(-143.83850097656, 144.16583251953, 1909.5109863281, -0.16683542728424, 0.012249407358468, -0.98590868711472, 0.033638164401054, 0.99941146373749, 0.0067249219864607, 0.98541074991226, -0.032042197883129, -0.16714930534363),
                ["Cryogenic Canal"] = CFrame.new(20303.177734375, 709.50573730469, 5767.0732421875, -0.52804124355316, 0, -0.84921878576279, 0, 1, 0, 0.84921878576279, 0, -0.52804124355316),
                ["Ancient Archives"] = CFrame.new(-3155.0222167969, -747.66784667969, 2193.1369628906, 1, 0, 0, 0, 1, 0, 0, 0, 1),
                Snowcap = CFrame.new(2648.67578125, 142.06605529785, 2521.2973632812, 0.46483319997787, 0, 0.88539826869965, 0, 1, 0, -0.88539826869965, 0, 0.46483319997787),
                ["Grand Reef"] = CFrame.new(-3565.7670898438, 157.36061096191, 535.24652099609, -0.4578446149826, 0, -0.88903224468231, 0, 1, 0, 0.88903224468231, 0, -0.4578446149826),
                ["Brine Pool"] = CFrame.new(-1796.3830566406, -135.69418334961, -3345.5881347656, 1, 0, 0, 0, 1, 0, 0, 0, 1),
                Moosewood = CFrame.new(383.10113525391, 134.24060058594, 243.93385314941, -0.4578446149826, 0, -0.88903224468231, 0, 1, 0, 0.88903224468231, 0, -0.4578446149826),
                ["Keepers Altar"] = CFrame.new(1298.8381347656, -804.23767089844, -307.54727172852, 0.033169567584991, 0, 0.99944972991943, 0, 1, 0, -0.99944972991943, 0, 0.033169567584991),
                ["Glacial Grotto"] = CFrame.new(19903.4453125, 1159.927734375, 5510.076171875, -0.52804124355316, 0, -0.84921878576279, 0, 1, 0, 0.84921878576279, 0, -0.52804124355316),
                ["Desolate Deep"] = CFrame.new(-1660.4844970703, -213.97938537598, -2822.8237304688, 0.028362333774567, 0, 0.99959772825241, 0, 1, 0, -0.99959772825241, 0, 0.028362333774567),
                Atlantis = CFrame.new(-4265.130859375, -599.57458496094, 1830.8073730469, -0.99884450435638, 0, -0.048067476600409, 0, 1, 0, 0.048067476600409, 0, -0.99884450435638)
            },
            Names = {
                "Abyssal Zenith",
                "Ancient Archives",
                "Ancient Isle",
                "Atlantean Storm",
                "Atlantis",
                "Brine Pool",
                "Calm Zone",
                "Cryogenic Canal",
                "Desolate Deep",
                "Forsaken Shores",
                "Frigid Cavern",
                "Glacial Grotto",
                "Grand Reef",
                "Keepers Altar",
                "Moosewood",
                "Mushgrove",
                "Ocean",
                "Overgrowth Caves",
                "Roslit",
                "Snowcap",
                "Sunstone",
                "Terrapin",
                "The Depths",
                "Vertigo",
                "Volcanic Vents"
            }
        },
        Unsafe = {
            CFrames = {
                ["Overgrowth Caves"] = CFrame.new(19640.79296875, 137.18524169922, 5249.4340820312, -0.47142148017883, 0, -0.88190805912018, 0, 1, 0, 0.88190805912018, 0, -0.47142148017883),
                Roslit = CFrame.new(-1476.5114746094, 133.16842651367, 671.68530273438, 0, 0, -1, 0, 1, 0, 1, 0, 0),
                ["Ancient Isle"] = CFrame.new(6075.0366210938, 201.50923156738, 311.98101806641, -0.15633368492126, -0.00030904074083082, -0.98770427703857, -8.4780702309217e-05, 0.99999994039536, -0.00029946884023957, 0.98770427703857, 3.6921206628904e-05, -0.15633368492126),
                Sunstone = CFrame.new(-933.25970458984, 131.14395141602, -1119.5206298828, -0.34204268455505, 0, -0.93968439102173, 0, 1, 0, 0.93968439102173, 0, -0.34204268455505),
                ["Calm Zone"] = CFrame.new(-4344.8969726562, -11259.731445312, 3750.4223632812, 1, 0, 0, 0, 1, 0, 0, 0, 1),
                Mushgrove = CFrame.new(2501.4858398438, 130.75833129883, -720.69946289062, 0, 0, -1, 0, 1, 0, 1, 0, 0),
                ["Forsaken Shores"] = CFrame.new(-2545.58984375, 132.76513671875, 1519.6915283203, -1, 0, 0, 0, 1, 0, 0, 0, -1),
                ["Frigid Cavern"] = CFrame.new(19759.77734375, 420.98226928711, 5402.3203125, -0.52804124355316, 0, -0.84921878576279, 0, 1, 0, 0.84921878576279, 0, -0.52804124355316),
                ["Atlantean Storm"] = CFrame.new(-3665.8588867188, 11.702537536621, 738.87634277344, 0, 0, -1, 0, 1, 0, 1, 0, 0),
                ["Abyssal Zenith"] = CFrame.new(-13518.84765625, -11050.122070312, 116.59420776367, -0.82528078556061, 0, 0.56472253799438, 0, 1, 0, -0.56472253799438, 0, -0.82528078556061),
                ["Volcanic Vents"] = CFrame.new(-3407.9072265625, -2260.0668945312, 3856.4709472656, -0.82528078556061, 0, 0.56472253799438, 0, 1, 0, -0.56472253799438, 0, -0.82528078556061),
                Vertigo = CFrame.new(-112.00727844238, -489.9010925293, 1040.3278808594, -1, 0, 0, 0, 1, 0, 0, 0, -1),
                ["The Depths"] = CFrame.new(568.15270996094, -698.88110351562, 1230.8479003906, -1, 0, 0, 0, 1, 0, 0, 0, -1),
                Ocean = CFrame.new(-619.48315429688, 26.385051727295, -158.47912597656, 0, 0, -1, 0, 1, 0, 1, 0, 0),
                Terrapin = CFrame.new(-143.83850097656, 144.16583251953, 1909.5109863281, -0.16683542728424, 0.012249407358468, -0.98590868711472, 0.033638164401054, 0.99941146373749, 0.0067249219864607, 0.98541074991226, -0.032042197883129, -0.16714930534363),
                ["Cryogenic Canal"] = CFrame.new(20303.177734375, 709.50573730469, 5767.0732421875, -0.52804124355316, 0, -0.84921878576279, 0, 1, 0, 0.84921878576279, 0, -0.52804124355316),
                ["Ancient Archives"] = CFrame.new(-3155.0222167969, -747.66784667969, 2193.1369628906, 1, 0, 0, 0, 1, 0, 0, 0, 1),
                Snowcap = CFrame.new(2648.67578125, 142.06605529785, 2521.2973632812, 0.46483319997787, 0, 0.88539826869965, 0, 1, 0, -0.88539826869965, 0, 0.46483319997787),
                ["Grand Reef"] = CFrame.new(-3565.7670898438, 157.36061096191, 535.24652099609, -0.4578446149826, 0, -0.88903224468231, 0, 1, 0, 0.88903224468231, 0, -0.4578446149826),
                ["Brine Pool"] = CFrame.new(-1796.3830566406, -221.48301696777, -3345.5881347656, 0, 0, 1, 0, 1, -0, -1, 0, 0),
                Moosewood = CFrame.new(383.10113525391, 134.24060058594, 243.93385314941, -0.4578446149826, 0, -0.88903224468231, 0, 1, 0, 0.88903224468231, 0, -0.4578446149826),
                ["Keepers Altar"] = CFrame.new(1298.8381347656, -804.23767089844, -307.54727172852, 0.033169567584991, 0, 0.99944972991943, 0, 1, 0, -0.99944972991943, 0, 0.033169567584991),
                ["Glacial Grotto"] = CFrame.new(19903.4453125, 1159.927734375, 5510.076171875, -0.52804124355316, 0, -0.84921878576279, 0, 1, 0, 0.84921878576279, 0, -0.52804124355316),
                ["Desolate Deep"] = CFrame.new(-1660.4844970703, -213.97938537598, -2822.8237304688, 0.028362333774567, 0, 0.99959772825241, 0, 1, 0, -0.99959772825241, 0, 0.028362333774567),
                Atlantis = CFrame.new(-4265.130859375, -599.57458496094, 1830.8073730469, -0.99884450435638, 0, -0.048067476600409, 0, 1, 0, 0.048067476600409, 0, -0.99884450435638)
            },
            Names = {
                "Abyssal Zenith",
                "Ancient Archives",
                "Ancient Isle",
                "Atlantean Storm",
                "Atlantis",
                "Brine Pool",
                "Calm Zone",
                "Cryogenic Canal",
                "Desolate Deep",
                "Forsaken Shores",
                "Frigid Cavern",
                "Glacial Grotto",
                "Grand Reef",
                "Keepers Altar",
                "Moosewood",
                "Mushgrove",
                "Ocean",
                "Overgrowth Caves",
                "Roslit",
                "Snowcap",
                "Sunstone",
                "Terrapin",
                "The Depths",
                "Vertigo",
                "Volcanic Vents"
            }
        }
    },
    NPCs = {
        Appraiser = CFrame.new(453.18237304688, 152.00003051758, 206.90878295898, -1.1920928955078e-07, 0, 1.0000001192093, 0, 1, 0, -1.0000001192093, 0, -1.1920928955078e-07),
        ["Moosewood Shipwright"] = CFrame.new(357.97259521484, 135.11596679688, 258.15454101562, 0, 0, -1, 0, 1, 0, 1, 0, 0),
        ["Jack Marrow"] = CFrame.new(-2829.8369140625, 212.66567993164, 1517.404296875, 0.26072770357132, 0.03395664691925, -0.96481508016586, -0.049791231751442, 0.99852412939072, 0.021687652915716, 0.96412760019302, 0.042384754866362, 0.26203364133835),
        Merlin = CFrame.new(-928.03283691406, 225.20002746582, -998.74499511719, -0.86823225021362, 0, 0.49615788459778, 0, 1, 0, -0.49615788459778, 0, -0.86823225021362)
    }
}