return {
    Interactables = {
        ["Enchant Altar"] = CFrame.new(1310.5465087891, -797.96960449219, -82.730346679688, 0.99997305870056, 0, 0.0073373215273023, 0, 1, 0, -0.0073373215273023, 0, 0.99997305870056)
    },
    SpecialEvents = {
        "Whales Pool",
        "Forsaken Veil - Scylla",
        "Lovestorm Eel",
        "Lovestorm Eel Supercharged",
        "Orcas Pool",
        "Ancient Orcas Pool",
        "Megalodon Default",
        "Megalodon Ancient",
        "Whale Shark",
        "Great Hammerhead Shark",
        "Great White Shark",
        "The Kraken Pool",
        "Ancient Kraken Pool",
        "Isonade",
        "Golden Tide"
    },
    Locations = {
        Safe = {
            CFrames = {
                ["The Depths"] = CFrame.new(568.15270996094, -698.88110351562, 1230.8479003906, -1, 0, 0, 0, 1, 0, 0, 0, -1),
                ["Moosewood Ocean Mythical"] = CFrame.new(697.75567626953, 195.64437866211, 316.38439941406, 1, 0, 0, 0, 1, 0, 0, 0, 1),
                ["Ancient Isle"] = CFrame.new(6062.8764648438, 201.4181060791, 306.62884521484, -0.35544085502625, 0, -0.93469870090485, 0, 1, 0, 0.93469870090485, 0, -0.35544085502625),
                Sunstone = CFrame.new(-933.25970458984, 131.14395141602, -1119.5206298828, -0.34204268455505, 0, -0.93968439102173, 0, 1, 0, 0.93968439102173, 0, -0.34204268455505),
                ["Zeus Pool"] = CFrame.new(-4298.6284179688, -572.18713378906, 2714.1125488281, 1, 0, 0, 0, 1, 0, 0, 0, 1),
                ["Volcanic Vents"] = CFrame.new(-3395.341796875, -2260.0668945312, 3837.6118164062, -0.82528078556061, 0, 0.56472253799438, 0, 1, 0, -0.56472253799438, 0, -0.82528078556061),
                ["Moosewood Pond"] = CFrame.new(563.52197265625, 150.88681030273, 298.0419921875, 1, 0, 0, 0, 1, 0, 0, 0, 1),
                Mushgrove = CFrame.new(2501.4858398438, 130.75833129883, -720.69946289062, 0, 0, -1, 0, 1, 0, 1, 0, 0),
                Vertigo = CFrame.new(-112.00727844238, -489.9010925293, 1040.3278808594, -1, 0, 0, 0, 1, 0, 0, 0, -1),
                ["Keepers Altar"] = CFrame.new(1294.5756835938, -804.36505126953, -307.56521606445, 0.033169567584991, 0, 0.99944972991943, 0, 1, 0, -0.99944972991943, 0, 0.033169567584991),
                ["Poseidon Pool"] = CFrame.new(-3984.8493652344, -436.48187255859, 935.83856201172, 1, 0, 0, 0, 1, 0, 0, 0, 1),
                ["Ethereal Abyss"] = CFrame.new(-3754.2492675781, -496.54843139648, 1832.138671875, 1, 0, 0, 0, 1, 0, 0, 0, 1),
                ["Abyssal Zenith"] = CFrame.new(-13563.27734375, -11050.122070312, 139.16711425781, -0.82528078556061, 0, 0.56472253799438, 0, 1, 0, -0.56472253799438, 0, -0.82528078556061),
                ["The Arch"] = CFrame.new(1073.7388916016, 116.40732574463, -1203.4940185547, 1, 0, 0, 0, 1, 0, 0, 0, 1),
                ["Atlantean Storm"] = CFrame.new(-3665.8588867188, 150.96803283691, 738.87634277344, 1, 0, 0, 0, 1, 0, 0, 0, 1),
                ["Roslit Bay Ocean"] = CFrame.new(-1002.4515991211, -3481.9809570312, -597.19525146484, 1, 0, 0, 0, 1, 0, 0, 0, 1),
                ["Snowcap Pond"] = CFrame.new(2780.6892089844, 271.28384399414, 2585.564453125, 1, 0, 0, 0, 1, 0, 0, 0, 1),
                Terrapin = CFrame.new(-143.83850097656, 144.16583251953, 1909.5109863281, -0.16683542728424, 0.012249407358468, -0.98590868711472, 0.033638164401054, 0.99941146373749, 0.0067249219864607, 0.98541074991226, -0.032042197883129, -0.16714930534363),
                ["Sunstone Hidden"] = CFrame.new(-1139.3863525391, 159.98654174805, -1076.2637939453, 1, 0, 0, 0, 1, 0, 0, 0, 1),
                ["Sunken's Depth"] = CFrame.new(-4958.2504882812, -499.48187255859, 1824.7980957031, 1, 0, 0, 0, 1, 0, 0, 0, 1),
                ["Ancient Archives"] = CFrame.new(-3155.0222167969, -747.66784667969, 2193.1369628906, 1, 0, 0, 0, 1, 0, 0, 0, 1),
                Snowcap = CFrame.new(2648.67578125, 142.06605529785, 2521.2973632812, 0.46483319997787, 0, 0.88539826869965, 0, 1, 0, -0.88539826869965, 0, 0.46483319997787),
                ["Atlantis Ocean"] = CFrame.new(-4309.107421875, -596.40374755859, 1835.9608154297, 1, 0, 0, 0, 1, 0, 0, 0, 1),
                ["Glacial Grotto"] = CFrame.new(19903.4453125, 1159.927734375, 5510.076171875, -0.52804124355316, 0, -0.84921878576279, 0, 1, 0, 0.84921878576279, 0, -0.52804124355316),
                ["Terrapin Olm"] = CFrame.new(98.557067871094, 217.19976806641, 1984.5316162109, 1, 0, 0, 0, 1, 0, 0, 0, 1),
                ["Snowcap Ocean"] = CFrame.new(2815.5349121094, 73.837509155273, 2809.0451660156, 1, 0, 0, 0, 1, 0, 0, 0, 1),
                Moosewood = CFrame.new(383.10113525391, 134.24060058594, 243.93385314941, -0.4578446149826, 0, -0.88903224468231, 0, 1, 0, 0.88903224468231, 0, -0.4578446149826),
                Roslit = CFrame.new(-1476.5114746094, 133.16842651367, 671.68530273438, 0, 0, -1, 0, 1, 0, 1, 0, 0),
                ["Roslit Pond"] = CFrame.new(-1785.6949462891, 139.19396972656, 612.560546875, 1, 0, 0, 0, 1, 0, 0, 0, 1),
                ["Overgrowth Caves"] = CFrame.new(19640.79296875, 137.18524169922, 5249.4340820312, -0.47142148017883, 0, -0.88190805912018, 0, 1, 0, 0.88190805912018, 0, -0.47142148017883),
                ["Roslit Pond Seaweed"] = CFrame.new(-1800.69921875, 137.7370300293, 621.30212402344, 1, 0, 0, 0, 1, 0, 0, 0, 1),
                ["Roslit Bay"] = CFrame.new(-1432.3062744141, 90.333160400391, 457.83874511719, 1, 0, 0, 0, 1, 0, 0, 0, 1),
                ["Ancient Isle Waterfall"] = CFrame.new(5951.7221679688, 259.32205200195, 502.17401123047, 1, 0, 0, 0, 1, 0, 0, 0, 1),
                ["Roslit Bay Clam"] = CFrame.new(-2028.7944335938, 99.294891357422, 541.78442382812, 1, 0, 0, 0, 1, 0, 0, 0, 1),
                ["Forsaken Shores Pond"] = CFrame.new(-2781.4636230469, 240.44161987305, 1709.1329345703, 1, 0, 0, 0, 1, 0, 0, 0, 1),
                ["Ancient Isle Pond"] = CFrame.new(6014.12109375, 188.58296203613, 338.62966918945, 1, 0, 0, 0, 1, 0, 0, 0, 1),
                ["Deep Ocean"] = CFrame.new(-4622.9291992188, -20.670043945312, -5591.3178710938, 1, 0, 0, 0, 1, 0, 0, 0, 1),
                ["Forsaken Veil"] = CFrame.new(-2418.1166992188, -11433.5859375, 7033.7626953125, 1, 0, 0, 0, 1, 0, 0, 0, 1),
                ["Challengers Deep"] = CFrame.new(-753.00482177734, -3283.1384277344, -673.25915527344, -0.82528078556061, 0, 0.56472253799438, 0, 1, 0, -0.56472253799438, 0, -0.82528078556061),
                ["The Depths - Serpent"] = CFrame.new(1044.9370117188, -826.59808349609, 1043.9630126953, 1, 0, 0, 0, 1, 0, 0, 0, 1),
                ["Forsaken Shores"] = CFrame.new(-2545.58984375, 132.76513671875, 1519.6915283203, -1, 0, 0, 0, 1, 0, 0, 0, -1),
                ["Harvesters Spike"] = CFrame.new(-1234.6938476562, -15.532382965088, 1748.2203369141, 1, 0, 0, 0, 1, 0, 0, 0, 1),
                Lava = CFrame.new(-1791.2174072266, 188.78308105469, 213.61505126953, 1, 0, 0, 0, 1, 0, 0, 0, 1),
                ["Brine Pool Water"] = CFrame.new(-1788.3684082031, -135.69291687012, -3417.5134277344, 1, 0, 0, 0, 1, 0, 0, 0, 1),
                ["Mushgrove Water"] = CFrame.new(2451.0593261719, 123.82035827637, -819.65155029297, 1, 0, 0, 0, 1, 0, 0, 0, 1),
                ["Scallop Ocean"] = CFrame.new(23.193054199219, 83.820251464844, 738.66088867188, 1, 0, 0, 0, 1, 0, 0, 0, 1),
                ["Moosewood Ocean"] = CFrame.new(489.3835144043, 181.50003051758, 178.4963684082, 1, 0, 0, 0, 1, 0, 0, 0, 1),
                Isonade = CFrame.new(-1236, -33.168014526367, 1092, 1, 0, 0, 0, 1, 0, 0, 0, 1),
                ["Cryogenic Canal"] = CFrame.new(20303.177734375, 709.50573730469, 5767.0732421875, -0.52804124355316, 0, -0.84921878576279, 0, 1, 0, 0.84921878576279, 0, -0.52804124355316),
                Ocean = CFrame.new(7665.0708007812, -33.393249511719, 2600.6821289062, 1, 0, 0, 0, 1, 0, 0, 0, 1),
                ["Calm Zone"] = CFrame.new(-4257.4682617188, -11200.301757812, 1795.4708251953, 1, 0, 0, 0, 1, 0, 0, 0, 1),
                ["Ancient Isle Ocean"] = CFrame.new(5505.2084960938, 150.49662780762, -321.47900390625, 1, 0, 0, 0, 1, 0, 0, 0, 1),
                ["Kraken Pool"] = CFrame.new(-4289.5541992188, -1091.5866699219, 2077.9809570312, 1, 0, 0, 0, 1, 0, 0, 0, 1),
                ["Frigid Cavern"] = CFrame.new(19759.77734375, 420.98226928711, 5402.3203125, -0.52804124355316, 0, -0.84921878576279, 0, 1, 0, 0.84921878576279, 0, -0.52804124355316),
                ["Forsaken Shores Ocean"] = CFrame.new(-3592.0354003906, -38.304702758789, 1604.7957763672, 1, 0, 0, 0, 1, 0, 0, 0, 1),
                ["Brine Pool"] = CFrame.new(-1796.3830566406, -135.69418334961, -3345.5881347656, 1, 0, 0, 0, 1, 0, 0, 0, 1),
                ["Moosewood Docks"] = CFrame.new(386.28228759766, 104.03151702881, 367.62399291992, 1, 0, 0, 0, 1, 0, 0, 0, 1),
                ["Terrapin Ocean"] = CFrame.new(-335.06295776367, 179.78482055664, 1540.0164794922, 1, 0, 0, 0, 1, 0, 0, 0, 1),
                ["Grand Reef"] = CFrame.new(-3565.7670898438, 157.36061096191, 535.24652099609, -0.4578446149826, 0, -0.88903224468231, 0, 1, 0, 0.88903224468231, 0, -0.4578446149826),
                ["Desolate Deep"] = CFrame.new(-1660.4844970703, -213.97938537598, -2822.8237304688, 0.028362333774567, 0, 0.99959772825241, 0, 1, 0, -0.99959772825241, 0, 0.028362333774567),
                Atlantis = CFrame.new(-4265.130859375, -599.57458496094, 1830.8073730469, -0.99884450435638, 0, -0.048067476600409, 0, 1, 0, 0.048067476600409, 0, -0.99884450435638)
            },
            Names = {
                "Abyssal Zenith",
                "Ancient Archives",
                "Ancient Isle Ocean",
                "Ancient Isle Pond",
                "Ancient Isle Waterfall",
                "Ancient Isle",
                "Atlantean Storm",
                "Atlantis Ocean",
                "Atlantis",
                "Brine Pool Water",
                "Brine Pool",
                "Calm Zone",
                "Challengers Deep",
                "Cryogenic Canal",
                "Deep Ocean",
                "Desolate Deep",
                "Ethereal Abyss",
                "Forsaken Shores Ocean",
                "Forsaken Shores Pond",
                "Forsaken Shores",
                "Forsaken Veil",
                "Frigid Cavern",
                "Glacial Grotto",
                "Grand Reef",
                "Harvesters Spike",
                "Isonade",
                "Keepers Altar",
                "Kraken Pool",
                "Lava",
                "Moosewood Docks",
                "Moosewood Ocean Mythical",
                "Moosewood Ocean",
                "Moosewood Pond",
                "Moosewood",
                "Mushgrove Water",
                "Mushgrove",
                "Ocean",
                "Overgrowth Caves",
                "Poseidon Pool",
                "Roslit Bay Clam",
                "Roslit Bay Ocean",
                "Roslit Bay",
                "Roslit Pond Seaweed",
                "Roslit Pond",
                "Roslit",
                "Scallop Ocean",
                "Snowcap Ocean",
                "Snowcap Pond",
                "Snowcap",
                "Sunken's Depth",
                "Sunstone Hidden",
                "Sunstone",
                "Terrapin Ocean",
                "Terrapin Olm",
                "Terrapin",
                "The Arch",
                "The Depths - Serpent",
                "The Depths",
                "Vertigo",
                "Volcanic Vents",
                "Zeus Pool"
            }
        },
        Unsafe = {
            CFrames = {
                ["The Depths"] = CFrame.new(568.15270996094, -698.88110351562, 1230.8479003906, -1, 0, 0, 0, 1, 0, 0, 0, -1),
                ["Moosewood Ocean Mythical"] = CFrame.new(697.75567626953, 54.988708496094, 316.38439941406, 1, 0, 0, 0, 1, 0, 0, 0, 1),
                ["Ancient Isle"] = CFrame.new(6062.8764648438, 201.4181060791, 306.62884521484, -0.35544085502625, 0, -0.93469870090485, 0, 1, 0, 0.93469870090485, 0, -0.35544085502625),
                Sunstone = CFrame.new(-933.25970458984, 131.14395141602, -1119.5206298828, -0.34204268455505, 0, -0.93968439102173, 0, 1, 0, 0.93968439102173, 0, -0.34204268455505),
                ["Zeus Pool"] = CFrame.new(-4298.6284179688, -643.90972900391, 2714.1125488281, 0.70713424682617, 0, 0.70707929134369, 0, 1, 0, -0.70707929134369, 0, 0.70713424682617),
                ["Volcanic Vents"] = CFrame.new(-3395.341796875, -2260.0668945312, 3837.6118164062, -0.82528078556061, 0, 0.56472253799438, 0, 1, 0, -0.56472253799438, 0, -0.82528078556061),
                ["Moosewood Pond"] = CFrame.new(563.52197265625, 137.21000671387, 298.0419921875, 1, 0, 0, 0, 1, 0, 0, 0, 1),
                Mushgrove = CFrame.new(2501.4858398438, 130.75833129883, -720.69946289062, 0, 0, -1, 0, 1, 0, 1, 0, 0),
                Vertigo = CFrame.new(-112.00727844238, -489.9010925293, 1040.3278808594, -1, 0, 0, 0, 1, 0, 0, 0, -1),
                ["Keepers Altar"] = CFrame.new(1294.5756835938, -804.36505126953, -307.56521606445, 0.033169567584991, 0, 0.99944972991943, 0, 1, 0, -0.99944972991943, 0, 0.033169567584991),
                ["Poseidon Pool"] = CFrame.new(-3984.8493652344, -575.02471923828, 935.83856201172, 0.70713424682617, 0, 0.70707929134369, 0, 1, 0, -0.70707929134369, 0, 0.70713424682617),
                ["Ethereal Abyss"] = CFrame.new(-3754.2492675781, -578.83087158203, 1832.138671875, 1, 0, 0, 0, 1, 0, 0, 0, 1),
                ["Abyssal Zenith"] = CFrame.new(-13563.27734375, -11050.122070312, 139.16711425781, -0.82528078556061, 0, 0.56472253799438, 0, 1, 0, -0.56472253799438, 0, -0.82528078556061),
                ["The Arch"] = CFrame.new(1073.7388916016, 26.385051727295, -1203.4940185547, 0.93546175956726, -0, -0.3534280359745, 0, 1, -0, 0.3534280359745, 0, 0.93546175956726),
                ["Atlantean Storm"] = CFrame.new(-3665.8588867188, 11.702537536621, 738.87634277344, 0, 0, -1, 0, 1, 0, 1, 0, 0),
                ["Roslit Bay Ocean"] = CFrame.new(-1002.4515991211, -3348.556640625, -597.19525146484, 1, 0, 0, 0, 1, 0, 0, 0, 1),
                ["Snowcap Pond"] = CFrame.new(2780.6892089844, 262.70303344727, 2585.564453125, 0.77431267499924, 0, 0.63280320167542, 0, 1, 0, -0.63280320167542, 0, 0.77431267499924),
                Terrapin = CFrame.new(-143.83850097656, 144.16583251953, 1909.5109863281, -0.16683542728424, 0.012249407358468, -0.98590868711472, 0.033638164401054, 0.99941146373749, 0.0067249219864607, 0.98541074991226, -0.032042197883129, -0.16714930534363),
                ["Sunstone Hidden"] = CFrame.new(-1139.3863525391, 26.385051727295, -1076.2637939453, 0.73157435655594, -0, -0.68176174163818, 0, 1, -0, 0.68176174163818, 0, 0.73157435655594),
                ["Sunken's Depth"] = CFrame.new(-4958.2504882812, -608.43780517578, 1824.7980957031, 0.70713424682617, 0, 0.70707929134369, 0, 1, 0, -0.70707929134369, 0, 0.70713424682617),
                ["Ancient Archives"] = CFrame.new(-3155.0222167969, -747.66784667969, 2193.1369628906, 1, 0, 0, 0, 1, 0, 0, 0, 1),
                Snowcap = CFrame.new(2648.67578125, 142.06605529785, 2521.2973632812, 0.46483319997787, 0, 0.88539826869965, 0, 1, 0, -0.88539826869965, 0, 0.46483319997787),
                ["Atlantis Ocean"] = CFrame.new(-4309.107421875, -612.47747802734, 1835.9608154297, 1, 0, 0, 0, 1, 0, 0, 0, 1),
                ["Glacial Grotto"] = CFrame.new(19903.4453125, 1159.927734375, 5510.076171875, -0.52804124355316, 0, -0.84921878576279, 0, 1, 0, 0.84921878576279, 0, -0.52804124355316),
                ["Terrapin Olm"] = CFrame.new(98.557067871094, 98.885055541992, 1984.5316162109, -0.019799709320068, 0, 0.99980390071869, 0, 1, 0, -0.99980390071869, 0, -0.019799709320068),
                ["Snowcap Ocean"] = CFrame.new(2815.5349121094, 54.988708496094, 2809.0451660156, 0.31179809570312, 0, 0.95014840364456, 0, 1, 0, -0.95014840364456, 0, 0.31179809570312),
                Moosewood = CFrame.new(383.10113525391, 134.24060058594, 243.93385314941, -0.4578446149826, 0, -0.88903224468231, 0, 1, 0, 0.88903224468231, 0, -0.4578446149826),
                Roslit = CFrame.new(-1476.5114746094, 133.16842651367, 671.68530273438, 0, 0, -1, 0, 1, 0, 1, 0, 0),
                ["Roslit Pond"] = CFrame.new(-1785.6949462891, 134.45381164551, 612.560546875, 1, 0, 0, 0, 1, 0, 0, 0, 1),
                ["Overgrowth Caves"] = CFrame.new(19640.79296875, 137.18524169922, 5249.4340820312, -0.47142148017883, 0, -0.88190805912018, 0, 1, 0, 0.88190805912018, 0, -0.47142148017883),
                ["Roslit Pond Seaweed"] = CFrame.new(-1800.69921875, 134.72355651855, 621.30212402344, 1, 0, 0, 0, 1, 0, 0, 0, 1),
                ["Roslit Bay"] = CFrame.new(-1432.3062744141, 100.14752960205, 457.83874511719, 1, 0, 0, 0, 1, 0, 0, 0, 1),
                ["Ancient Isle Waterfall"] = CFrame.new(5951.7221679688, 216.18504333496, 502.17401123047, 0.70713424682617, 0, 0.70707929134369, 0, 1, 0, -0.70707929134369, 0, 0.70713424682617),
                ["Roslit Bay Clam"] = CFrame.new(-2028.7944335938, 54.788707733154, 541.78442382812, 1, 0, 0, 0, 1, 0, 0, 0, 1),
                ["Forsaken Shores Pond"] = CFrame.new(-2781.4636230469, 217.19567871094, 1709.1329345703, -0.49995946884155, 0, -0.86604881286621, 0, 1, 0, 0.86604881286621, 0, -0.49995946884155),
                ["Ancient Isle Pond"] = CFrame.new(6014.12109375, 180.07504272461, 338.62966918945, 0.84340959787369, 0, 0.53727120161057, 0, 1, 0, -0.53727120161057, 0, 0.84340959787369),
                ["Deep Ocean"] = CFrame.new(-4622.9291992188, 26.385051727295, -5591.3178710938, 1, 0, 0, 0, 1, 0, 0, 0, 1),
                ["Forsaken Veil"] = CFrame.new(-2418.1166992188, -11299.811523438, 7033.7626953125, 1, 0, 0, 0, 1, 0, 0, 0, 1),
                ["Challengers Deep"] = CFrame.new(-753.00482177734, -3283.1384277344, -673.25915527344, -0.82528078556061, 0, 0.56472253799438, 0, 1, 0, -0.56472253799438, 0, -0.82528078556061),
                ["The Depths - Serpent"] = CFrame.new(1044.9370117188, -750.5, 1043.9630126953, -1, 0, 0, 0, 1, 0, 0, 0, -1),
                ["Forsaken Shores"] = CFrame.new(-2545.58984375, 132.76513671875, 1519.6915283203, -1, 0, 0, 0, 1, 0, 0, 0, -1),
                ["Harvesters Spike"] = CFrame.new(-1234.6938476562, 26.385051727295, 1748.2203369141, 1, 0, 0, 0, 1, 0, 0, 0, 1),
                Lava = CFrame.new(-1791.2174072266, 112.89700317383, 213.61505126953, 0, 0, 1, 0, 1, -0, -1, 0, 0),
                ["Brine Pool Water"] = CFrame.new(-1788.3684082031, -177.60336303711, -3417.5134277344, 0, 0, 1, 0, 1, -0, -1, 0, 0),
                ["Mushgrove Water"] = CFrame.new(2451.0593261719, 54.988708496094, -819.65155029297, 0.98938405513763, -0, -0.14532434940338, 0, 1, -0, 0.14532434940338, 0, 0.98938405513763),
                ["Scallop Ocean"] = CFrame.new(23.193023681641, 26.385051727295, 738.66088867188, 1, 0, 0, 0, 1, 0, 0, 0, 1),
                ["Moosewood Ocean"] = CFrame.new(489.3835144043, 26.285051345825, 178.4963684082, 1, 0, 0, 0, 1, 0, 0, 0, 1),
                Isonade = CFrame.new(-1236, 26.385000228882, 1092, -1, 0, 0, 0, 1, 0, 0, 0, -1),
                ["Cryogenic Canal"] = CFrame.new(20303.177734375, 709.50573730469, 5767.0732421875, -0.52804124355316, 0, -0.84921878576279, 0, 1, 0, 0.84921878576279, 0, -0.52804124355316),
                Ocean = CFrame.new(7665.0708007812, 26.385051727295, 2600.6821289062, 1, 0, 0, 0, 1, 0, 0, 0, 1),
                ["Calm Zone"] = CFrame.new(-4257.4682617188, -11200.301757812, 1795.4708251953, 1, 0, 0, 0, 1, 0, 0, 0, 1),
                ["Ancient Isle Ocean"] = CFrame.new(5505.2084960938, 26.625051498413, -321.47900390625, 1, 0, 0, 0, 1, 0, 0, 0, 1),
                ["Kraken Pool"] = CFrame.new(-4289.5541992188, -1077, 2077.9809570312, 1, 0, 0, 0, 1, 0, 0, 0, 1),
                ["Frigid Cavern"] = CFrame.new(19759.77734375, 420.98226928711, 5402.3203125, -0.52804124355316, 0, -0.84921878576279, 0, 1, 0, 0.84921878576279, 0, -0.52804124355316),
                ["Forsaken Shores Ocean"] = CFrame.new(-3592.0354003906, 102.07252502441, 1604.7957763672, 0.17362433671951, -0, -0.9848119020462, 0, 1, -0, 0.9848119020462, 0, 0.17362433671951),
                ["Brine Pool"] = CFrame.new(-1796.3830566406, -221.48301696777, -3345.5881347656, 0, 0, 1, 0, 1, -0, -1, 0, 0),
                ["Moosewood Docks"] = CFrame.new(386.28228759766, 54.988708496094, 367.62399291992, 1, 0, 0, 0, 1, 0, 0, 0, 1),
                ["Terrapin Ocean"] = CFrame.new(-335.06295776367, 26.385051727295, 1540.0164794922, -0.52476477622986, 0, 0.85124731063843, 0, 1, 0, -0.85124731063843, 0, -0.52476477622986),
                ["Grand Reef"] = CFrame.new(-3565.7670898438, 157.36061096191, 535.24652099609, -0.4578446149826, 0, -0.88903224468231, 0, 1, 0, 0.88903224468231, 0, -0.4578446149826),
                ["Desolate Deep"] = CFrame.new(-1660.4844970703, -213.97938537598, -2822.8237304688, 0.028362333774567, 0, 0.99959772825241, 0, 1, 0, -0.99959772825241, 0, 0.028362333774567),
                Atlantis = CFrame.new(-4265.130859375, -599.57458496094, 1830.8073730469, -0.99884450435638, 0, -0.048067476600409, 0, 1, 0, 0.048067476600409, 0, -0.99884450435638)
            },
            Names = {
                "Abyssal Zenith",
                "Ancient Archives",
                "Ancient Isle Ocean",
                "Ancient Isle Pond",
                "Ancient Isle Waterfall",
                "Ancient Isle",
                "Atlantean Storm",
                "Atlantis Ocean",
                "Atlantis",
                "Brine Pool Water",
                "Brine Pool",
                "Calm Zone",
                "Challengers Deep",
                "Cryogenic Canal",
                "Deep Ocean",
                "Desolate Deep",
                "Ethereal Abyss",
                "Forsaken Shores Ocean",
                "Forsaken Shores Pond",
                "Forsaken Shores",
                "Forsaken Veil",
                "Frigid Cavern",
                "Glacial Grotto",
                "Grand Reef",
                "Harvesters Spike",
                "Isonade",
                "Keepers Altar",
                "Kraken Pool",
                "Lava",
                "Moosewood Docks",
                "Moosewood Ocean Mythical",
                "Moosewood Ocean",
                "Moosewood Pond",
                "Moosewood",
                "Mushgrove Water",
                "Mushgrove",
                "Ocean",
                "Overgrowth Caves",
                "Poseidon Pool",
                "Roslit Bay Clam",
                "Roslit Bay Ocean",
                "Roslit Bay",
                "Roslit Pond Seaweed",
                "Roslit Pond",
                "Roslit",
                "Scallop Ocean",
                "Snowcap Ocean",
                "Snowcap Pond",
                "Snowcap",
                "Sunken's Depth",
                "Sunstone Hidden",
                "Sunstone",
                "Terrapin Ocean",
                "Terrapin Olm",
                "Terrapin",
                "The Arch",
                "The Depths - Serpent",
                "The Depths",
                "Vertigo",
                "Volcanic Vents",
                "Zeus Pool"
            }
        }
    },
    NPCs = {
        Appraiser = CFrame.new(453.18237304688, 152.00003051758, 206.90878295898, -1.1920928955078e-07, 0, 1.0000001192093, 0, 1, 0, -1.0000001192093, 0, -1.1920928955078e-07),
        ["Moosewood Shipwright"] = CFrame.new(357.97259521484, 135.11596679688, 258.15454101562, 0, 0, -1, 0, 1, 0, 1, 0, 0),
        ["Jack Marrow"] = CFrame.new(-2829.8342285156, 212.65452575684, 1517.4027099609, 0.26070189476013, 0.032614681869745, -0.96486842632294, -0.04979632049799, 0.99855315685272, 0.020298633724451, 0.96413433551788, 0.042754996567965, 0.26194870471954),
        Merlin = CFrame.new(-928.03283691406, 225.20002746582, -998.74499511719, -0.86823225021362, 0, 0.49615788459778, 0, 1, 0, -0.49615788459778, 0, -0.86823225021362)
    }
}