return {
    NPCs = {
        Appraiser = CFrame.new(453.18237304688, 152.00003051758, 206.90878295898, -1.1920928955078e-07, 0, 1.0000001192093, 0, 1, 0, -1.0000001192093, 0, -1.1920928955078e-07),
        ["Moosewood Shipwright"] = CFrame.new(357.97259521484, 135.11596679688, 258.15454101562, 0, 0, -1, 0, 1, 0, 1, 0, 0),
        Merlin = CFrame.new(-928.03283691406, 225.20002746582, -998.74499511719, -0.86823225021362, 0, 0.49615788459778, 0, 1, 0, -0.49615788459778, 0, -0.86823225021362),
        ["Jack Marrow"] = CFrame.new(-2829.8376464844, 212.6690826416, 1517.4041748047, 0.26071399450302, 0.034266915172338, -0.96480774879456, -0.049891773611307, 0.99851268529892, 0.021982062608004, 0.96412599086761, 0.042404938489199, 0.26203584671021),
        ["Moosewood Angler"] = CFrame.new(480.10247802734, 152.00105285645, 302.22689819336, 1, 0, 0, 0, 1, 0, 0, 0, 1)
    },
    Locations = {
        Safe = {
            CFrames = {
                ["The Depths"] = CFrame.new(568.15270996094, -698.88110351562, 1230.8479003906, -1, 0, 0, 0, 1, 0, 0, 0, -1),
                Roslit = CFrame.new(-1476.5114746094, 133.16842651367, 671.68530273438, 0, 0, -1, 0, 1, 0, 1, 0, 0),
                ["Ancient Isle"] = CFrame.new(6070.9951171875, 201.50839233398, 304.2080078125, 0.1251021027565, -0.00024367551668547, -0.99214386940002, 1.5302262909245e-05, 0.99999994039536, -0.00024367551668547, 0.99214386940002, 1.5302262909245e-05, 0.1251021027565),
                Sunstone = CFrame.new(-933.25970458984, 131.14395141602, -1119.5206298828, -0.34204268455505, 0, -0.93968439102173, 0, 1, 0, 0.93968439102173, 0, -0.34204268455505),
                ["Snowcap Ocean - Bluegill"] = CFrame.new(3057.3940429688, 80.536376953125, 2604.6586914062, 1, 0, 0, 0, 1, 0, 0, 0, 1),
                ["Forsaken Shores Ocean - Golden Seahorse"] = CFrame.new(-3069.1354980469, 134.0641784668, 1487.6958007812, 1, 0, 0, 0, 1, 0, 0, 0, 1),
                ["Moosewood Pond"] = CFrame.new(558.07366943359, 150.88681030273, 297.34213256836, 1, 0, 0, 0, 1, 0, 0, 0, 1),
                ["Volcanic Vents"] = CFrame.new(-3418.6640625, -2260.0668945312, 3821.6525878906, -0.82528078556061, 0, 0.56472253799438, 0, 1, 0, -0.56472253799438, 0, -0.82528078556061),
                ["Blarney McBreeze"] = CFrame.new(3646.7265625, 51.320251464844, 299.70819091797, 1, 0, 0, 0, 1, 0, 0, 0, 1),
                Lava = CFrame.new(-1656.3015136719, 125.25257110596, 417.38421630859, 1, 0, 0, 0, 1, 0, 0, 0, 1),
                ["Terrapin Ocean - Chinook Salmon"] = CFrame.new(-335.06295776367, 179.78482055664, 1540.0164794922, 1, 0, 0, 0, 1, 0, 0, 0, 1),
                ["Atlantean Storm"] = CFrame.new(-3496.4431152344, -66.30158996582, 313.76409912109, 1, 0, 0, 0, 1, 0, 0, 0, 1),
                ["Forsaken Shores Ocean - Shipwreck Barracuda"] = CFrame.new(-3592.0354003906, -38.304702758789, 1604.7957763672, 1, 0, 0, 0, 1, 0, 0, 0, 1),
                ["Zeus Pool"] = CFrame.new(-4298.6284179688, -572.18713378906, 2714.1125488281, 1, 0, 0, 0, 1, 0, 0, 0, 1),
                ["Vertigo - Spiderfish"] = CFrame.new(-161.56153869629, -662.91400146484, 1205.9916992188, 1, 0, 0, 0, 1, 0, 0, 0, 1),
                ["Roslit Bay Ocean"] = CFrame.new(-2123.0400390625, 153.97428894043, 601.70068359375, 1, 0, 0, 0, 1, 0, 0, 0, 1),
                ["Vertigo - Twilight Eel"] = CFrame.new(-65.148490905762, -721.51715087891, 1203.6341552734, 1, 0, 0, 0, 1, 0, 0, 0, 1),
                ["Snowcap Ocean - Glacierfish"] = CFrame.new(2850.3215332031, 88.783836364746, 2661.5300292969, 1, 0, 0, 0, 1, 0, 0, 0, 1),
                ["The Depths - Goblin Shark"] = CFrame.new(841.05627441406, -830.16540527344, 1246.1633300781, 1, 0, 0, 0, 1, 0, 0, 0, 1),
                Vertigo = CFrame.new(-112.00727844238, -489.9010925293, 1040.3278808594, -1, 0, 0, 0, 1, 0, 0, 0, -1),
                ["Ancient Archives"] = CFrame.new(-3155.0222167969, -747.66784667969, 2193.1369628906, 1, 0, 0, 0, 1, 0, 0, 0, 1),
                ["Ancient Isle Waterfall - Leedsichthys"] = CFrame.new(6054.8203125, 401.45156860352, 647.9931640625, 1, 0, 0, 0, 1, 0, 0, 0, 1),
                Snowcap = CFrame.new(2648.67578125, 142.06605529785, 2521.2973632812, 0.46483319997787, 0, 0.88539826869965, 0, 1, 0, -0.88539826869965, 0, 0.46483319997787),
                ["The Arch - Rabbitfish"] = CFrame.new(1073.7388916016, 116.40732574463, -1203.4940185547, 1, 0, 0, 0, 1, 0, 0, 0, 1),
                ["Mushgrove Water - Bowfin"] = CFrame.new(2451.0593261719, 123.82035827637, -819.65155029297, 1, 0, 0, 0, 1, 0, 0, 0, 1),
                ["Mushgrove Water - Marsh Gar"] = CFrame.new(2525.3603515625, 138.00003051758, -776.18389892578, 1, 0, 0, 0, 1, 0, 0, 0, 1),
                ["Moosewood Pond - Pike"] = CFrame.new(538.03948974609, 147.19342041016, 330.94012451172, 1, 0, 0, 0, 1, 0, 0, 0, 1),
                ["Sunstone - Sunfish"] = CFrame.new(-971.62548828125, 77.500030517578, -1433.9410400391, 1, 0, 0, 0, 1, 0, 0, 0, 1),
                ["Roslit Bay Ocean - Halibut"] = CFrame.new(-1825.3913574219, 7.9387512207031, 946.61779785156, 1, 0, 0, 0, 1, 0, 0, 0, 1),
                ["Overgrowth Caves"] = CFrame.new(19640.79296875, 137.18524169922, 5249.4340820312, -0.47142148017883, 0, -0.88190805912018, 0, 1, 0, 0.88190805912018, 0, -0.47142148017883),
                ["Roslit Bay - Nurse Shark"] = CFrame.new(-1650.7337646484, 121.36683654785, 504.35168457031, 1, 0, 0, 0, 1, 0, 0, 0, 1),
                ["Terrapin Ocean - Walleye"] = CFrame.new(464.22634887695, 172.59503173828, 2209.6013183594, 1, 0, 0, 0, 1, 0, 0, 0, 1),
                ["Ancient Isle Waterfall"] = CFrame.new(5951.7221679688, 259.32205200195, 502.17401123047, 1, 0, 0, 0, 1, 0, 0, 0, 1),
                ["Poseidon Pool"] = CFrame.new(-3984.8493652344, -436.48187255859, 935.83856201172, 1, 0, 0, 0, 1, 0, 0, 0, 1),
                ["Forsaken Shores Pond"] = CFrame.new(-2700.9252929688, 163.50003051758, 1748.8675537109, 1, 0, 0, 0, 1, 0, 0, 0, 1),
                ["The Depths - Frilled Shark"] = CFrame.new(745.83013916016, -712.38891601562, 1250.1755371094, 1, 0, 0, 0, 1, 0, 0, 0, 1),
                ["Deep Ocean"] = CFrame.new(1212, 3.2540664672852, 1620.25, 1, 0, 0, 0, 1, 0, 0, 0, 1),
                ["The Arch"] = CFrame.new(1302.2646484375, 133.46591186523, -1168.66015625, 1, 0, 0, 0, 1, 0, 0, 0, 1),
                ["Desolate Deep"] = CFrame.new(-1660.6741943359, -214.18173217773, -2844.4067382812, 0.45496439933777, 0.00028244114946574, 0.89050960540771, -1.2063872418366e-05, 0.99999994039536, -0.00031100455089472, -0.89050960540771, 0.00013075300375931, 0.45496433973312),
                Terrapin = CFrame.new(-143.83850097656, 144.16583251953, 1909.5109863281, -0.16683542728424, 0.012249407358468, -0.98590868711472, 0.033638164401054, 0.99941146373749, 0.0067249219864607, 0.98541074991226, -0.032042197883129, -0.16714930534363),
                ["Forsaken Shores"] = CFrame.new(-2530.1975097656, 135.01515197754, 1558.6446533203, 0, 0, -1, 0, 1, 0, 1, 0, 0),
                ["Terrapin Olm - Olm"] = CFrame.new(98.557067871094, 217.19976806641, 1984.5316162109, 1, 0, 0, 0, 1, 0, 0, 0, 1),
                ["Terrapin Olm"] = CFrame.new(22.064390182495, 189.00003051758, 1944.3679199219, 1, 0, 0, 0, 1, 0, 0, 0, 1),
                ["Desolate Deep - Banditfish"] = CFrame.new(-1525.2075195312, -227.70161437988, -2858.9333496094, 1, 0, 0, 0, 1, 0, 0, 0, 1),
                ["Moosewood Docks - Flounder"] = CFrame.new(315.45291137695, 140.61596679688, 214.88592529297, 1, 0, 0, 0, 1, 0, 0, 0, 1),
                ["Terrapin Ocean - Golden Smallmouth Bass"] = CFrame.new(97.634788513184, 109.74374389648, 2150.4809570312, 1, 0, 0, 0, 1, 0, 0, 0, 1),
                ["Roslit Pond - Perch"] = CFrame.new(-1811.9697265625, 155.04708862305, 592.64276123047, 1, 0, 0, 0, 1, 0, 0, 0, 1),
                ["Snowcap Ocean - Pollock"] = CFrame.new(2571.1105957031, 88.303359985352, 2367.5446777344, 1, 0, 0, 0, 1, 0, 0, 0, 1),
                ["Terrapin Ocean"] = CFrame.new(-58.925178527832, 162.3791809082, 2312.4533691406, 1, 0, 0, 0, 1, 0, 0, 0, 1),
                ["Crypt Of The Green One Pool"] = CFrame.new(-185.0119934082, 1583.1497802734, 16983.15234375, 1, 0, 0, 0, 1, 0, 0, 0, 1),
                ["Sunstone - Glassfish"] = CFrame.new(-918.06561279297, 147.61102294922, -986.36804199219, 1, 0, 0, 0, 1, 0, 0, 0, 1),
                ["Ancient Isle Pond - Hallucigenia"] = CFrame.new(6014.12109375, 188.58296203613, 338.62966918945, 1, 0, 0, 0, 1, 0, 0, 0, 1),
                ["Sunstone - Longtail Bass"] = CFrame.new(-845.97540283203, 104.00003051758, -1221.5706787109, 1, 0, 0, 0, 1, 0, 0, 0, 1),
                ["Ocean - Haddock"] = CFrame.new(-499.98315429688, 171.00030517578, -459.97912597656, 1, 0, 0, 0, 1, 0, 0, 0, 1),
                ["Forsaken Shores Ocean"] = CFrame.new(-3046.6862792969, 134.0641784668, 1451.3875732422, 1, 0, 0, 0, 1, 0, 0, 0, 1),
                ["Harvesters Spike - Sawfish"] = CFrame.new(-1459.9963378906, -38.827453613281, 1749.4107666016, 1, 0, 0, 0, 1, 0, 0, 0, 1),
                ["Moosewood Docks"] = CFrame.new(386.28228759766, 104.03151702881, 367.62399291992, 1, 0, 0, 0, 1, 0, 0, 0, 1),
                ["Sunstone - Trumpetfish"] = CFrame.new(-795.015625, 77.500030517578, -1334.5406494141, 1, 0, 0, 0, 1, 0, 0, 0, 1),
                ["Harvesters Spike - Bluefin Tuna"] = CFrame.new(-1299.6938476562, 99.646583557129, 1515.7259521484, 1, 0, 0, 0, 1, 0, 0, 0, 1),
                ["Forsaken Shores - Cutlass Fish"] = CFrame.new(-2635.0942382812, 123.80093383789, 1409.7601318359, 1, 0, 0, 0, 1, 0, 0, 0, 1),
                ["Sunstone - Sweetfish"] = CFrame.new(-943.97351074219, 123.75074005127, -1101.9276123047, 1, 0, 0, 0, 1, 0, 0, 0, 1),
                ["Ocean - Cod"] = CFrame.new(-619.48315429688, 21.74649810791, -158.47914123535, 1, 0, 0, 0, 1, 0, 0, 0, 1),
                ["Moosewood Ocean Mythical"] = CFrame.new(697.75567626953, 175.49984741211, 316.38439941406, 1, 0, 0, 0, 1, 0, 0, 0, 1),
                ["Sunstone - Red Tang"] = CFrame.new(-1190.3768310547, 121.50003051758, -1217.0307617188, 1, 0, 0, 0, 1, 0, 0, 0, 1),
                ["Sunstone - Chinfish"] = CFrame.new(-651.26794433594, 77.500030517578, -988.52484130859, 1, 0, 0, 0, 1, 0, 0, 0, 1),
                ["Snowcap Pond - Sturgeon"] = CFrame.new(2815.3503417969, 282.28387451172, 2593.1728515625, 1, 0, 0, 0, 1, 0, 0, 0, 1),
                ["Sunstone Hidden"] = CFrame.new(-1139.3863525391, 159.98654174805, -1076.2637939453, 1, 0, 0, 0, 1, 0, 0, 0, 1),
                ["Sunken's Depth"] = CFrame.new(-4958.2504882812, -499.48187255859, 1824.7980957031, 1, 0, 0, 0, 1, 0, 0, 0, 1),
                ["Mushgrove Water - White Perch"] = CFrame.new(2475.0129394531, 136.93865966797, -675.14013671875, 1, 0, 0, 0, 1, 0, 0, 0, 1),
                ["Roslit Bay - Blue Tang"] = CFrame.new(-1469.1256103516, 100.14752960205, 525.2998046875, 0.99024629592896, -0, -0.13932803273201, 0, 1, -0, 0.13932803273201, 0, 0.99024629592896),
                ["Roslit Pond"] = CFrame.new(-1785.6949462891, 139.19396972656, 612.560546875, 1, 0, 0, 0, 1, 0, 0, 0, 1),
                Mushgrove = CFrame.new(2501.4858398438, 130.75833129883, -720.69946289062, 0, 0, -1, 0, 1, 0, 1, 0, 0),
                ["Snowcap Pond"] = CFrame.new(2780.6892089844, 271.28384399414, 2585.564453125, 1, 0, 0, 0, 1, 0, 0, 0, 1),
                ["Frigid Cavern"] = CFrame.new(19759.77734375, 420.98226928711, 5402.3203125, -0.52804124355316, 0, -0.84921878576279, 0, 1, 0, 0.84921878576279, 0, -0.52804124355316),
                ["Snowcap Ocean - Lingcod"] = CFrame.new(2815.5349121094, 73.837509155273, 2809.0451660156, 1, 0, 0, 0, 1, 0, 0, 0, 1),
                ["Moosewood Ocean - Barracuda"] = CFrame.new(890.44067382812, 83.820251464844, 465.46496582031, 1, 0, 0, 0, 1, 0, 0, 0, 1),
                ["Snowcap Ocean - Herring"] = CFrame.new(2583.9321289062, 137.87924194336, 2526.1098632812, 1, 0, 0, 0, 1, 0, 0, 0, 1),
                ["Moosewood Pond - Goldfish"] = CFrame.new(526.52893066406, 146.50003051758, 307.70394897461, 1, 0, 0, 0, 1, 0, 0, 0, 1),
                ["Roslit Bay - Angelfish"] = CFrame.new(-1493.5131835938, 81.382926940918, 593.72473144531, 1, 0, 0, 0, 1, 0, 0, 0, 1),
                ["Snowcap Ocean"] = CFrame.new(2342.9968261719, 122.4380569458, 2206.6640625, 1, 0, 0, 0, 1, 0, 0, 0, 1),
                ["Terrapin Ocean - White Bass"] = CFrame.new(-58.220123291016, 135.3005065918, 2022.6390380859, 1, 0, 0, 0, 1, 0, 0, 0, 1),
                ["Roslit Bay - Clownfish"] = CFrame.new(-1521.0557861328, 100.14752960205, 517.99505615234, 0.99024629592896, -0, -0.13932803273201, 0, 1, -0, 0.13932803273201, 0, 0.99024629592896),
                ["Snowcap Ocean - Red Drum"] = CFrame.new(2306.5463867188, 14.321426391602, 2543.0490722656, 1, 0, 0, 0, 1, 0, 0, 0, 1),
                ["Desolate Deep - Phantom Ray"] = CFrame.new(-1678.2475585938, -228.71029663086, -3091.3083496094, 1, 0, 0, 0, 1, 0, 0, 0, 1),
                ["Desolate Deep - Cockatoo Squid"] = CFrame.new(-1610.8176269531, -169.19367980957, -2796.9333496094, 1, 0, 0, 0, 1, 0, 0, 0, 1),
                ["Roslit Bay - Pufferfish"] = CFrame.new(-1432.3062744141, 90.333160400391, 457.83874511719, 1, 0, 0, 0, 1, 0, 0, 0, 1),
                ["Atlantis Ocean"] = CFrame.new(-4309.107421875, -596.40374755859, 1835.9608154297, 1, 0, 0, 0, 1, 0, 0, 0, 1),
                ["Glacial Grotto"] = CFrame.new(19903.4453125, 1159.927734375, 5510.076171875, -0.52804124355316, 0, -0.84921878576279, 0, 1, 0, 0.84921878576279, 0, -0.52804124355316),
                ["Roslit Pond - Arapaima"] = CFrame.new(-1761.3842773438, 155.46263122559, 596.43194580078, 1, 0, 0, 0, 1, 0, 0, 0, 1),
                ["Roslit Pond Seaweed"] = CFrame.new(-1800.69921875, 137.7370300293, 621.30212402344, 1, 0, 0, 0, 1, 0, 0, 0, 1),
                ["Snowcap Pond - Burbot"] = CFrame.new(2789.3474121094, 286.33486938477, 2613.3110351562, 1, 0, 0, 0, 1, 0, 0, 0, 1),
                ["Roslit Bay"] = CFrame.new(-1555.5665283203, 99.947532653809, 548.58227539062, -1.1920928955078e-07, -0, -1.0000001192093, 0, 1, -0, 1.0000001192093, 0, -1.1920928955078e-07),
                ["Roslit Bay Clam"] = CFrame.new(-2028.7944335938, 99.294891357422, 541.78442382812, 1, 0, 0, 0, 1, 0, 0, 0, 1),
                ["The Depths - Deep-sea Hatchetfish"] = CFrame.new(961.9736328125, -834.63702392578, 1414.6876220703, 1, 0, 0, 0, 1, 0, 0, 0, 1),
                ["Ocean - Stingray"] = CFrame.new(2136.7954101562, 182.29815673828, 966.04052734375, 1, 0, 0, 0, 1, 0, 0, 0, 1),
                ["Ancient Isle Ocean - Anomalocaris"] = CFrame.new(5505.2084960938, 150.49662780762, -321.47900390625, 1, 0, 0, 0, 1, 0, 0, 0, 1),
                ["Lava - Basalt"] = CFrame.new(-1966.1926269531, 199.84712219238, 274.7529296875, 1, 0, 0, 0, 1, 0, 0, 0, 1),
                ["Mushgrove Water"] = CFrame.new(2679.1818847656, 136.45797729492, -810.63677978516, 1, 0, 0, 0, 1, 0, 0, 0, 1),
                ["Ethereal Abyss"] = CFrame.new(-3754.2492675781, -496.54843139648, 1832.138671875, 1, 0, 0, 0, 1, 0, 0, 0, 1),
                ["Ancient Isle Pond"] = CFrame.new(6014.6586914062, 188.58296203613, 330.31607055664, 1, 0, 0, 0, 1, 0, 0, 0, 1),
                ["Ocean - Halibut"] = CFrame.new(-714.98315429688, 57.432289123535, -459.97912597656, 1, 0, 0, 0, 1, 0, 0, 0, 1),
                ["Forsaken Veil"] = CFrame.new(-2418.1166992188, -11433.5859375, 7033.7626953125, 1, 0, 0, 0, 1, 0, 0, 0, 1),
                ["Calm Zone"] = CFrame.new(-4234.8920898438, -11201.15234375, 1786.0454101562, 1, 0, 0, 0, 1, 0, 0, 0, 1),
                ["Ocean - Sardine"] = CFrame.new(-394.1123046875, 49.152755737305, 608.03186035156, 1, 0, 0, 0, 1, 0, 0, 0, 1),
                Moosewood = CFrame.new(383.10113525391, 134.24060058594, 243.93385314941, -0.4578446149826, 0, -0.88903224468231, 0, 1, 0, 0.88903224468231, 0, -0.4578446149826),
                ["Harvesters Spike"] = CFrame.new(-1234.6938476562, -15.532382965088, 1748.2203369141, 1, 0, 0, 0, 1, 0, 0, 0, 1),
                ["Moosewood Ocean"] = CFrame.new(425.80786132812, 83.820251464844, 623.16082763672, 1, 0, 0, 0, 1, 0, 0, 0, 1),
                ["Brine Pool Water"] = CFrame.new(-1788.3684082031, -135.69291687012, -3417.5134277344, 1, 0, 0, 0, 1, 0, 0, 0, 1),
                ["Mushgrove Water - Alligator"] = CFrame.new(2668.0568847656, 136.85855102539, -711.98583984375, 1, 0, 0, 0, 1, 0, 0, 0, 1),
                ["Scallop Ocean"] = CFrame.new(23.193054199219, 83.820251464844, 738.66088867188, 1, 0, 0, 0, 1, 0, 0, 0, 1),
                ["Challengers Deep"] = CFrame.new(-763.79107666016, -3283.1384277344, -657.49633789062, -0.82528078556061, 0, 0.56472253799438, 0, 1, 0, -0.56472253799438, 0, -0.82528078556061),
                ["Kraken Pool"] = CFrame.new(-4289.5541992188, -1091.5866699219, 2077.9809570312, 1, 0, 0, 0, 1, 0, 0, 0, 1),
                ["Abyssal Zenith"] = CFrame.new(-13531.407226562, -11050.122070312, 134.94839477539, -0.82528078556061, 0, 0.56472253799438, 0, 1, 0, -0.56472253799438, 0, -0.82528078556061),
                Ocean = CFrame.new(3295.8911132812, -34.162551879883, 44.457153320312, 1, 0, 0, 0, 1, 0, 0, 0, 1),
                ["Ocean - Amberjack"] = CFrame.new(1519.1353759766, 15.287614822388, -2478.4377441406, 1, 0, 0, 0, 1, 0, 0, 0, 1),
                ["Ancient Isle Ocean"] = CFrame.new(5983.1484375, 83.500022888184, 1007.880859375, 1, 0, 0, 0, 1, 0, 0, 0, 1),
                ["Forsaken Shores - Scurvy Sailfish"] = CFrame.new(-2419.7944335938, 146.15196228027, 1440.2601318359, 1, 0, 0, 0, 1, 0, 0, 0, 1),
                ["Keepers Altar"] = CFrame.new(1298.8381347656, -804.23767089844, -307.54727172852, 0.033169567584991, 0, 0.99944972991943, 0, 1, 0, -0.99944972991943, 0, 0.033169567584991),
                ["Grand Reef"] = CFrame.new(-3565.7670898438, 157.36061096191, 535.24652099609, -0.4578446149826, 0, -0.88903224468231, 0, 1, 0, 0.88903224468231, 0, -0.4578446149826),
                ["Brine Pool"] = CFrame.new(-1796.3830566406, -135.69418334961, -3345.5881347656, 1, 0, 0, 0, 1, 0, 0, 0, 1),
                ["Keepers Altar - Salmon"] = CFrame.new(1329.8454589844, -798.29217529297, -128.71649169922, 1, 0, 0, 0, 1, 0, 0, 0, 1),
                ["Ancient Isle Ocean - Xiphactinus"] = CFrame.new(5833.3159179688, 99.49747467041, 401.36932373047, 1, 0, 0, 0, 1, 0, 0, 0, 1),
                ["Cryogenic Canal"] = CFrame.new(20303.177734375, 709.50573730469, 5767.0732421875, -0.52804124355316, 0, -0.84921878576279, 0, 1, 0, 0.84921878576279, 0, -0.52804124355316),
                ["Sunstone - Mahi Mahi"] = CFrame.new(-697.03625488281, 108.44424438477, -1334.5406494141, 1, 0, 0, 0, 1, 0, 0, 0, 1),
                Atlantis = CFrame.new(-4265.130859375, -599.57458496094, 1830.8073730469, -0.99884450435638, 0, -0.048067476600409, 0, 1, 0, 0.048067476600409, 0, -0.99884450435638)
            },
            Names = {
                "Abyssal Zenith",
                "Ancient Archives",
                "Ancient Isle Ocean",
                "Ancient Isle Ocean - Anomalocaris",
                "Ancient Isle Ocean - Xiphactinus",
                "Ancient Isle Pond",
                "Ancient Isle Pond - Hallucigenia",
                "Ancient Isle Waterfall",
                "Ancient Isle Waterfall - Leedsichthys",
                "Ancient Isle",
                "Atlantean Storm",
                "Atlantis Ocean",
                "Atlantis",
                "Brine Pool Water",
                "Brine Pool",
                "Calm Zone",
                "Challengers Deep",
                "Cryogenic Canal",
                "Crypt Of The Green One Pool",
                "Deep Ocean",
                "Desolate Deep",
                "Desolate Deep - Cockatoo Squid",
                "Desolate Deep - Banditfish",
                "Desolate Deep - Phantom Ray",
                "Ethereal Abyss",
                "Forsaken Shores Ocean",
                "Forsaken Shores Ocean - Golden Seahorse",
                "Forsaken Shores Ocean - Shipwreck Barracuda",
                "Forsaken Shores Pond",
                "Forsaken Shores",
                "Forsaken Shores - Scurvy Sailfish",
                "Forsaken Shores - Cutlass Fish",
                "Forsaken Veil",
                "Frigid Cavern",
                "Glacial Grotto",
                "Grand Reef",
                "Harvesters Spike",
                "Harvesters Spike - Sawfish",
                "Harvesters Spike - Bluefin Tuna",
                "Keepers Altar",
                "Keepers Altar - Salmon",
                "Kraken Pool",
                "Lava",
                "Lava - Basalt",
                "Moosewood Docks",
                "Moosewood Docks - Flounder",
                "Moosewood Ocean Mythical",
                "Moosewood Ocean",
                "Moosewood Ocean - Barracuda",
                "Moosewood Pond",
                "Moosewood Pond - Pike",
                "Moosewood Pond - Goldfish",
                "Moosewood",
                "Mushgrove Water",
                "Mushgrove Water - Bowfin",
                "Mushgrove Water - Marsh Gar",
                "Mushgrove Water - White Perch",
                "Mushgrove Water - Alligator",
                "Mushgrove",
                "Ocean",
                "Ocean - Sardine",
                "Ocean - Halibut",
                "Ocean - Haddock",
                "Ocean - Cod",
                "Ocean - Amberjack",
                "Ocean - Stingray",
                "Overgrowth Caves",
                "Poseidon Pool",
                "Roslit Bay Clam",
                "Roslit Bay Ocean",
                "Roslit Bay Ocean - Halibut",
                "Roslit Bay",
                "Roslit Bay - Nurse Shark",
                "Roslit Bay - Angelfish",
                "Roslit Bay - Pufferfish",
                "Roslit Bay - Clownfish",
                "Roslit Bay - Blue Tang",
                "Roslit Pond Seaweed",
                "Roslit Pond",
                "Roslit Pond - Arapaima",
                "Roslit Pond - Perch",
                "Roslit",
                "Scallop Ocean",
                "Snowcap Ocean",
                "Snowcap Ocean - Bluegill",
                "Snowcap Ocean - Glacierfish",
                "Snowcap Ocean - Pollock",
                "Snowcap Ocean - Red Drum",
                "Snowcap Ocean - Herring",
                "Snowcap Ocean - Lingcod",
                "Snowcap Pond",
                "Snowcap Pond - Burbot",
                "Snowcap Pond - Sturgeon",
                "Snowcap",
                "Sunken's Depth",
                "Sunstone Hidden",
                "Sunstone",
                "Sunstone - Chinfish",
                "Sunstone - Red Tang",
                "Sunstone - Trumpetfish",
                "Sunstone - Mahi Mahi",
                "Sunstone - Sweetfish",
                "Sunstone - Longtail Bass",
                "Sunstone - Glassfish",
                "Sunstone - Sunfish",
                "Terrapin Ocean",
                "Terrapin Ocean - Walleye",
                "Terrapin Ocean - Chinook Salmon",
                "Terrapin Ocean - White Bass",
                "Terrapin Ocean - Golden Smallmouth Bass",
                "Terrapin Olm",
                "Terrapin Olm - Olm",
                "Terrapin",
                "The Arch",
                "The Arch - Rabbitfish",
                "The Depths",
                "The Depths - Frilled Shark",
                "The Depths - Deep-sea Hatchetfish",
                "The Depths - Goblin Shark",
                "Vertigo",
                "Vertigo - Twilight Eel",
                "Vertigo - Spiderfish",
                "Volcanic Vents",
                "Zeus Pool",
                "Blarney McBreeze"
            }
        },
        HasAbundance = {
            ["The Depths"] = true,
            ["Ancient Isle Waterfall"] = true,
            Sunstone = true,
            ["Mushgrove Water"] = true,
            ["Ancient Isle Pond"] = true,
            ["Snowcap Ocean"] = true,
            ["Desolate Deep"] = true,
            ["Forsaken Shores"] = true,
            ["Keepers Altar"] = true,
            ["Snowcap Pond"] = true,
            Vertigo = true,
            ["Roslit Bay Ocean"] = true,
            ["The Arch"] = true,
            Ocean = true,
            ["Terrapin Olm"] = true,
            ["Ancient Isle Ocean"] = true,
            ["Roslit Bay"] = true,
            ["Roslit Pond"] = true,
            ["Forsaken Shores Ocean"] = true,
            ["Moosewood Ocean"] = true,
            ["Moosewood Docks"] = true,
            ["Terrapin Ocean"] = true,
            ["Moosewood Pond"] = true,
            Lava = true,
            ["Harvesters Spike"] = true
        },
        Unsafe = {
            CFrames = {
                ["The Depths"] = CFrame.new(568.15270996094, -698.88110351562, 1230.8479003906, -1, 0, 0, 0, 1, 0, 0, 0, -1),
                Roslit = CFrame.new(-1476.5114746094, 133.16842651367, 671.68530273438, 0, 0, -1, 0, 1, 0, 1, 0, 0),
                ["Ancient Isle"] = CFrame.new(6070.9951171875, 201.50839233398, 304.2080078125, 0.1251021027565, -0.00024367551668547, -0.99214386940002, 1.5302262909245e-05, 0.99999994039536, -0.00024367551668547, 0.99214386940002, 1.5302262909245e-05, 0.1251021027565),
                Sunstone = CFrame.new(-933.25970458984, 131.14395141602, -1119.5206298828, -0.34204268455505, 0, -0.93968439102173, 0, 1, 0, 0.93968439102173, 0, -0.34204268455505),
                ["Snowcap Ocean - Bluegill"] = CFrame.new(3057.3940429688, 54.988708496094, 2604.6586914062, 0.96853667497635, -0, -0.24887086451054, 0, 1, -0, 0.24887086451054, 0, 0.96853667497635),
                ["Forsaken Shores Ocean - Golden Seahorse"] = CFrame.new(-3069.1354980469, 102.07252502441, 1487.6958007812, 0.17362433671951, -0, -0.9848119020462, 0, 1, -0, 0.9848119020462, 0, 0.17362433671951),
                ["Moosewood Pond"] = CFrame.new(558.07366943359, 137.41000366211, 297.34213256836, 0.87967151403427, -0, -0.47558176517487, 0, 1, -0, 0.47558176517487, 0, 0.87967151403427),
                ["Volcanic Vents"] = CFrame.new(-3418.6640625, -2260.0668945312, 3821.6525878906, -0.82528078556061, 0, 0.56472253799438, 0, 1, 0, -0.56472253799438, 0, -0.82528078556061),
                ["Blarney McBreeze"] = CFrame.new(3646.7265625, 126.65599822998, 299.70819091797, -1, 0, 0, 0, 1, 0, 0, 0, -1),
                Lava = CFrame.new(-1656.3015136719, 112.89700317383, 417.38421630859, 0.76606124639511, -0, -0.64276760816574, 0, 1, -0, 0.64276760816574, 0, 0.76606124639511),
                ["Terrapin Ocean - Chinook Salmon"] = CFrame.new(-335.06295776367, 26.385051727295, 1540.0164794922, -0.52476477622986, 0, 0.85124731063843, 0, 1, 0, -0.85124731063843, 0, -0.52476477622986),
                ["Atlantean Storm"] = CFrame.new(-3496.4431152344, 11.702537536621, 313.76409912109, 0, 0, -1, 0, 1, 0, 1, 0, 0),
                ["Forsaken Shores Ocean - Shipwreck Barracuda"] = CFrame.new(-3592.0354003906, 102.07252502441, 1604.7957763672, 0.17362433671951, -0, -0.9848119020462, 0, 1, -0, 0.9848119020462, 0, 0.17362433671951),
                ["Zeus Pool"] = CFrame.new(-4298.6284179688, -643.90972900391, 2714.1125488281, 0.70713424682617, 0, 0.70707929134369, 0, 1, 0, -0.70707929134369, 0, 0.70713424682617),
                ["Vertigo - Spiderfish"] = CFrame.new(-161.56153869629, -808.45892333984, 1205.9916992188, 0.99974620342255, 0, 0.022528620436788, 0, 1, 0, -0.022528620436788, 0, 0.99974620342255),
                ["Roslit Bay Ocean"] = CFrame.new(-2123.0400390625, 26.385051727295, 601.70068359375, 1, 0, 0, 0, 1, 0, 0, 0, 1),
                ["Vertigo - Twilight Eel"] = CFrame.new(-65.148490905762, -808.45892333984, 1203.6341552734, 0.99974620342255, 0, 0.022528620436788, 0, 1, 0, -0.022528620436788, 0, 0.99974620342255),
                ["Snowcap Ocean - Glacierfish"] = CFrame.new(2850.3215332031, 54.988708496094, 2661.5300292969, 0.22571176290512, 0, 0.97419416904449, 0, 1, 0, -0.97419416904449, 0, 0.22571176290512),
                ["The Depths - Goblin Shark"] = CFrame.new(841.05627441406, -770.31146240234, 1246.1633300781, 0.99111807346344, -0, -0.13298490643501, 0, 1, -0, 0.13298490643501, 0, 0.99111807346344),
                Vertigo = CFrame.new(-112.00727844238, -489.9010925293, 1040.3278808594, -1, 0, 0, 0, 1, 0, 0, 0, -1),
                ["Ancient Archives"] = CFrame.new(-3155.0222167969, -747.66784667969, 2193.1369628906, 1, 0, 0, 0, 1, 0, 0, 0, 1),
                ["Ancient Isle Waterfall - Leedsichthys"] = CFrame.new(6054.8203125, 373.42501831055, 647.9931640625, 0.76606124639511, 0, 0.64276760816574, 0, 1, 0, -0.64276760816574, 0, 0.76606124639511),
                Snowcap = CFrame.new(2648.67578125, 142.06605529785, 2521.2973632812, 0.46483319997787, 0, 0.88539826869965, 0, 1, 0, -0.88539826869965, 0, 0.46483319997787),
                ["The Arch - Rabbitfish"] = CFrame.new(1073.7388916016, 26.385051727295, -1203.4940185547, 0.93546175956726, -0, -0.3534280359745, 0, 1, -0, 0.3534280359745, 0, 0.93546175956726),
                ["Mushgrove Water - Bowfin"] = CFrame.new(2451.0593261719, 54.988708496094, -819.65155029297, 0.98938405513763, -0, -0.14532434940338, 0, 1, -0, 0.14532434940338, 0, 0.98938405513763),
                ["Mushgrove Water - Marsh Gar"] = CFrame.new(2525.3603515625, 54.988708496094, -776.18389892578, 0.98939663171768, -0, -0.14523872733116, 0, 1, -0, 0.14523872733116, 0, 0.98939663171768),
                ["Moosewood Pond - Pike"] = CFrame.new(538.03948974609, 137.41000366211, 330.94012451172, 0.87967151403427, -0, -0.47558176517487, 0, 1, -0, 0.47558176517487, 0, 0.87967151403427),
                ["Sunstone - Sunfish"] = CFrame.new(-971.62548828125, 26.385051727295, -1433.9410400391, -0.7329009771347, 0, 0.68033528327942, 0, 1, 0, -0.68033528327942, 0, -0.7329009771347),
                ["Roslit Bay Ocean - Halibut"] = CFrame.new(-1825.3913574219, 26.385051727295, 946.61779785156, 0.98940920829773, -0, -0.14515306055546, 0, 1, -0, 0.14515306055546, 0, 0.98940920829773),
                ["Overgrowth Caves"] = CFrame.new(19640.79296875, 137.18524169922, 5249.4340820312, -0.47142148017883, 0, -0.88190805912018, 0, 1, 0, 0.88190805912018, 0, -0.47142148017883),
                ["Roslit Bay - Nurse Shark"] = CFrame.new(-1650.7337646484, 100.14752960205, 504.35168457031, 1, 0, 0, 0, 1, 0, 0, 0, 1),
                ["Terrapin Ocean - Walleye"] = CFrame.new(464.22634887695, 26.385051727295, 2209.6013183594, -0.20636403560638, 0, 0.97847527265549, 0, 1, 0, -0.97847527265549, 0, -0.20636403560638),
                ["Ancient Isle Waterfall"] = CFrame.new(5951.7221679688, 216.18504333496, 502.17401123047, 0.70713424682617, 0, 0.70707929134369, 0, 1, 0, -0.70707929134369, 0, 0.70713424682617),
                ["Poseidon Pool"] = CFrame.new(-3984.8493652344, -575.02471923828, 935.83856201172, 0.70713424682617, 0, 0.70707929134369, 0, 1, 0, -0.70707929134369, 0, 0.70713424682617),
                ["Forsaken Shores Pond"] = CFrame.new(-2700.9252929688, 147.37252807617, 1748.8675537109, -0.34204268455505, 0, -0.93968439102173, 0, 1, 0, 0.93968439102173, 0, -0.34204268455505),
                ["The Depths - Frilled Shark"] = CFrame.new(745.83013916016, -770.31146240234, 1250.1755371094, 0.99111807346344, -0, -0.13298490643501, 0, 1, -0, 0.13298490643501, 0, 0.99111807346344),
                ["Deep Ocean"] = CFrame.new(1212, 74, 1620.25, 1, 0, 0, 0, 1, 0, 0, 0, 1),
                ["The Arch"] = CFrame.new(1302.2646484375, 26.385051727295, -1168.66015625, 0.98733121156693, -0, -0.15867285430431, 0, 1, -0, 0.15867285430431, 0, 0.98733121156693),
                ["Desolate Deep"] = CFrame.new(-1660.6741943359, -214.18173217773, -2844.4067382812, 0.45496439933777, 0.00028244114946574, 0.89050960540771, -1.2063872418366e-05, 0.99999994039536, -0.00031100455089472, -0.89050960540771, 0.00013075300375931, 0.45496433973312),
                Terrapin = CFrame.new(-143.83850097656, 144.16583251953, 1909.5109863281, -0.16683542728424, 0.012249407358468, -0.98590868711472, 0.033638164401054, 0.99941146373749, 0.0067249219864607, 0.98541074991226, -0.032042197883129, -0.16714930534363),
                ["Forsaken Shores"] = CFrame.new(-2530.1975097656, 135.01515197754, 1558.6446533203, 0, 0, -1, 0, 1, 0, 1, 0, 0),
                ["Terrapin Olm - Olm"] = CFrame.new(98.557067871094, 98.885055541992, 1984.5316162109, -0.019799709320068, 0, 0.99980390071869, 0, 1, 0, -0.99980390071869, 0, -0.019799709320068),
                ["Terrapin Olm"] = CFrame.new(22.064390182495, 98.385055541992, 1944.3679199219, -0.019799709320068, 0, 0.99980390071869, 0, 1, 0, -0.99980390071869, 0, -0.019799709320068),
                ["Desolate Deep - Banditfish"] = CFrame.new(-1525.2075195312, -306.58212280273, -2858.9333496094, 0, 0, 1, 0, 1, -0, -1, 0, 0),
                ["Moosewood Docks - Flounder"] = CFrame.new(315.45291137695, 54.988708496094, 214.88592529297, 1, 0, 0, 0, 1, 0, 0, 0, 1),
                ["Terrapin Ocean - Golden Smallmouth Bass"] = CFrame.new(97.634788513184, 26.385051727295, 2150.4809570312, -0.20636403560638, 0, 0.97847527265549, 0, 1, 0, -0.97847527265549, 0, -0.20636403560638),
                ["Roslit Pond - Perch"] = CFrame.new(-1811.9697265625, 134.95381164551, 592.64276123047, 0.83553540706635, 0, 0.54943668842316, 0, 1, 0, -0.54943668842316, 0, 0.83553540706635),
                ["Snowcap Ocean - Pollock"] = CFrame.new(2571.1105957031, 54.988708496094, 2367.5446777344, 0.36889517307281, 0, 0.92947113513947, 0, 1, 0, -0.92947113513947, 0, 0.36889517307281),
                ["Terrapin Ocean"] = CFrame.new(-58.925178527832, 26.385051727295, 2312.4533691406, 0.010714054107666, 0, 0.99994260072708, 0, 1, 0, -0.99994260072708, 0, 0.010714054107666),
                ["Crypt Of The Green One Pool"] = CFrame.new(-185.0119934082, 1583.1497802734, 16983.15234375, 1, 0, 0, 0, 1, 0, 0, 0, 1),
                ["Sunstone - Glassfish"] = CFrame.new(-918.06561279297, 26.385051727295, -986.36804199219, 0.99878948926926, -0, -0.049188654869795, 0, 1, -0, 0.049188654869795, 0, 0.99878948926926),
                ["Ancient Isle Pond - Hallucigenia"] = CFrame.new(6014.12109375, 180.07504272461, 338.62966918945, 0.84340959787369, 0, 0.53727120161057, 0, 1, 0, -0.53727120161057, 0, 0.84340959787369),
                ["Sunstone - Longtail Bass"] = CFrame.new(-845.97540283203, 26.385051727295, -1221.5706787109, 0.73157435655594, -0, -0.68176174163818, 0, 1, -0, 0.68176174163818, 0, 0.73157435655594),
                ["Ocean - Haddock"] = CFrame.new(-499.98315429688, 26.385051727295, -459.97912597656, -1, 0, 0, 0, 1, 0, 0, 0, -1),
                ["Forsaken Shores Ocean"] = CFrame.new(-3046.6862792969, 100.07252502441, 1451.3875732422, 0.17362433671951, -0, -0.9848119020462, 0, 1, -0, 0.9848119020462, 0, 0.17362433671951),
                ["Harvesters Spike - Sawfish"] = CFrame.new(-1459.9963378906, 26.385051727295, 1749.4107666016, 1, 0, 0, 0, 1, 0, 0, 0, 1),
                ["Moosewood Docks"] = CFrame.new(386.28228759766, 54.988708496094, 367.62399291992, 1, 0, 0, 0, 1, 0, 0, 0, 1),
                ["Sunstone - Trumpetfish"] = CFrame.new(-795.01556396484, 26.385051727295, -1334.5406494141, 1, 0, 0, 0, 1, 0, 0, 0, 1),
                ["Harvesters Spike - Bluefin Tuna"] = CFrame.new(-1299.6938476562, 26.385051727295, 1515.7259521484, 1, 0, 0, 0, 1, 0, 0, 0, 1),
                ["Forsaken Shores - Cutlass Fish"] = CFrame.new(-2635.0942382812, 102.07252502441, 1409.7601318359, 0.17362433671951, -0, -0.9848119020462, 0, 1, -0, 0.9848119020462, 0, 0.17362433671951),
                ["Sunstone - Sweetfish"] = CFrame.new(-943.97351074219, 26.385051727295, -1101.9276123047, 0.60473561286926, 0, 0.79642641544342, 0, 1, 0, -0.79642641544342, 0, 0.60473561286926),
                ["Ocean - Cod"] = CFrame.new(-619.48315429688, 26.385051727295, -158.47912597656, 0, 0, -1, 0, 1, 0, 1, 0, 0),
                ["Moosewood Ocean Mythical"] = CFrame.new(697.75567626953, 54.988708496094, 316.38439941406, 1, 0, 0, 0, 1, 0, 0, 0, 1),
                ["Sunstone - Red Tang"] = CFrame.new(-1190.3768310547, 26.385051727295, -1217.0307617188, 1, 0, 0, 0, 1, 0, 0, 0, 1),
                ["Sunstone - Chinfish"] = CFrame.new(-651.26794433594, 26.385051727295, -988.52484130859, 0.87737393379211, -0, -0.47980725765228, 0, 1, -0, 0.47980725765228, 0, 0.87737393379211),
                ["Snowcap Pond - Sturgeon"] = CFrame.new(2815.3503417969, 262.70303344727, 2593.1728515625, 0.25402212142944, 0, 0.96719843149185, 0, 1, 0, -0.96719843149185, 0, 0.25402212142944),
                ["Sunstone Hidden"] = CFrame.new(-1139.3863525391, 26.385051727295, -1076.2637939453, 0.73157435655594, -0, -0.68176174163818, 0, 1, -0, 0.68176174163818, 0, 0.73157435655594),
                ["Sunken's Depth"] = CFrame.new(-4958.2504882812, -608.43780517578, 1824.7980957031, 0.70713424682617, 0, 0.70707929134369, 0, 1, 0, -0.70707929134369, 0, 0.70713424682617),
                ["Mushgrove Water - White Perch"] = CFrame.new(2475.0129394531, 54.988708496094, -675.14013671875, 0.99217742681503, 0, 0.12483577430248, 0, 1, 0, -0.12483577430248, 0, 0.99217742681503),
                ["Roslit Bay - Blue Tang"] = CFrame.new(-1469.1256103516, 100.14752960205, 525.2998046875, 0.99024629592896, -0, -0.13932803273201, 0, 1, -0, 0.13932803273201, 0, 0.99024629592896),
                ["Roslit Pond"] = CFrame.new(-1785.6949462891, 134.45381164551, 612.560546875, 1, 0, 0, 0, 1, 0, 0, 0, 1),
                Mushgrove = CFrame.new(2501.4858398438, 130.75833129883, -720.69946289062, 0, 0, -1, 0, 1, 0, 1, 0, 0),
                ["Snowcap Pond"] = CFrame.new(2780.6892089844, 262.70303344727, 2585.564453125, 0.77431267499924, 0, 0.63280320167542, 0, 1, 0, -0.63280320167542, 0, 0.77431267499924),
                ["Frigid Cavern"] = CFrame.new(19759.77734375, 420.98226928711, 5402.3203125, -0.52804124355316, 0, -0.84921878576279, 0, 1, 0, 0.84921878576279, 0, -0.52804124355316),
                ["Snowcap Ocean - Lingcod"] = CFrame.new(2815.5349121094, 54.988708496094, 2809.0451660156, 0.31179809570312, 0, 0.95014840364456, 0, 1, 0, -0.95014840364456, 0, 0.31179809570312),
                ["Moosewood Ocean - Barracuda"] = CFrame.new(890.44067382812, 54.988708496094, 465.46496582031, 0.97165989875793, -0, -0.23638333380222, 0, 1, -0, 0.23638333380222, 0, 0.97165989875793),
                ["Snowcap Ocean - Herring"] = CFrame.new(2583.9321289062, 54.988708496094, 2526.1098632812, -0.09690272808075, 0, 0.9952939748764, 0, 1, 0, -0.9952939748764, 0, -0.09690272808075),
                ["Moosewood Pond - Goldfish"] = CFrame.new(526.52893066406, 137.41000366211, 307.70394897461, 0.94266104698181, 0, 0.33375161886215, 0, 1, 0, -0.33375161886215, 0, 0.94266104698181),
                ["Roslit Bay - Angelfish"] = CFrame.new(-1493.5131835938, 100.14752960205, 593.72473144531, 0.97239488363266, -0, -0.23334132134914, 0, 1, -0, 0.23334132134914, 0, 0.97239488363266),
                ["Snowcap Ocean"] = CFrame.new(2342.9968261719, 54.988708496094, 2206.6640625, 0.36889517307281, 0, 0.92947113513947, 0, 1, 0, -0.92947113513947, 0, 0.36889517307281),
                ["Terrapin Ocean - White Bass"] = CFrame.new(-58.220115661621, 26.385051727295, 2022.6390380859, -0.019799709320068, 0, 0.99980390071869, 0, 1, 0, -0.99980390071869, 0, -0.019799709320068),
                ["Roslit Bay - Clownfish"] = CFrame.new(-1521.0557861328, 100.14752960205, 517.99505615234, 0.99024629592896, -0, -0.13932803273201, 0, 1, -0, 0.13932803273201, 0, 0.99024629592896),
                ["Snowcap Ocean - Red Drum"] = CFrame.new(2306.5463867188, 54.988708496094, 2543.0490722656, -0.39689612388611, 0, 0.91786354780197, 0, 1, 0, -0.91786354780197, 0, -0.39689612388611),
