return {
    NPCs = {
        Appraiser = CFrame.new(453.18237304688, 152.00003051758, 206.90878295898, -1.1920928955078e-07, 0, 1.0000001192093, 0, 1, 0, -1.0000001192093, 0, -1.1920928955078e-07),
        ["Moosewood Shipwright"] = CFrame.new(357.97259521484, 135.11596679688, 258.15454101562, 0, 0, -1, 0, 1, 0, 1, 0, 0),
        ["Jack Marrow"] = CFrame.new(-2829.8330078125, 212.65393066406, 1517.40234375, 0.26068139076233, 0.032120198011398, -0.96489042043686, -0.049843609333038, 0.99856126308441, 0.019774969667196, 0.96413737535477, 0.042938653379679, 0.26190733909607),
        Merlin = CFrame.new(-928.03283691406, 225.20002746582, -998.74499511719, -0.86823225021362, 0, 0.49615788459778, 0, 1, 0, -0.49615788459778, 0, -0.86823225021362)
    },
    Locations = {
        Safe = {
            CFrames = {
                ["The Depths"] = CFrame.new(568.15270996094, -698.88110351562, 1230.8479003906, -1, 0, 0, 0, 1, 0, 0, 0, -1),
                ["Moosewood Ocean Mythical"] = CFrame.new(697.75567626953, 54.988708496094, 316.38439941406, 1, 0, 0, 0, 1, 0, 0, 0, 1),
                ["Ancient Isle"] = CFrame.new(6064.0815429688, 201.71060180664, 294.89654541016, 0.53912949562073, 0, -0.84222286939621, 0, 1, 0, 0.84222286939621, 0, 0.53912949562073),
                Sunstone = CFrame.new(-933.25970458984, 131.14395141602, -1119.5206298828, -0.34204268455505, 0, -0.93968439102173, 0, 1, 0, 0.93968439102173, 0, -0.34204268455505),
                ["Roslit Bay Clam"] = CFrame.new(-2028.7944335938, 54.788707733154, 541.78442382812, 1, 0, 0, 0, 1, 0, 0, 0, 1),
                ["Moosewood Pond"] = CFrame.new(526.18145751953, 137.41000366211, 285.77331542969, 0.97584927082062, 0, 0.21844488382339, 0, 1, 0, -0.21844488382339, 0, 0.97584927082062),
                Mushgrove = CFrame.new(2501.4858398438, 130.75833129883, -720.69946289062, 0, 0, -1, 0, 1, 0, 1, 0, 0),
                ["Zeus Pool"] = CFrame.new(-4298.6284179688, -643.90972900391, 2714.1125488281, 0.70713424682617, 0, 0.70707929134369, 0, 1, 0, -0.70707929134369, 0, 0.70713424682617),
                ["Keepers Altar"] = CFrame.new(1294.5756835938, -804.36505126953, -307.56521606445, 0.033169567584991, 0, 0.99944972991943, 0, 1, 0, -0.99944972991943, 0, 0.033169567584991),
                ["Volcanic Vents"] = CFrame.new(-3407.9072265625, -2260.0668945312, 3856.4709472656, -0.82528078556061, 0, 0.56472253799438, 0, 1, 0, -0.56472253799438, 0, -0.82528078556061),
                ["Ethereal Abyss"] = CFrame.new(-3754.2492675781, -496.54843139648, 1832.138671875, 1, 0, 0, 0, 1, 0, 0, 0, 1),
                ["Abyssal Zenith"] = CFrame.new(-13531.407226562, -11050.122070312, 134.94839477539, -0.82528078556061, 0, 0.56472253799438, 0, 1, 0, -0.56472253799438, 0, -0.82528078556061),
                Vertigo = CFrame.new(-112.00727844238, -489.9010925293, 1040.3278808594, -1, 0, 0, 0, 1, 0, 0, 0, -1),
                ["The Arch"] = CFrame.new(1055.4729003906, 26.385051727295, -1190.8515625, 0.98733121156693, -0, -0.15867285430431, 0, 1, -0, 0.15867285430431, 0, 0.98733121156693),
                ["Roslit Bay Ocean"] = CFrame.new(-2123.0400390625, 26.385051727295, 601.70068359375, 1, 0, 0, 0, 1, 0, 0, 0, 1),
                Snowcap = CFrame.new(2648.67578125, 142.06605529785, 2521.2973632812, 0.46483319997787, 0, 0.88539826869965, 0, 1, 0, -0.88539826869965, 0, 0.46483319997787),
                Terrapin = CFrame.new(-143.83850097656, 144.16583251953, 1909.5109863281, -0.16683542728424, 0.012249407358468, -0.98590868711472, 0.033638164401054, 0.99941146373749, 0.0067249219864607, 0.98541074991226, -0.032042197883129, -0.16714930534363),
                ["Grand Reef"] = CFrame.new(-3565.7670898438, 157.36061096191, 535.24652099609, -0.4578446149826, 0, -0.88903224468231, 0, 1, 0, 0.88903224468231, 0, -0.4578446149826),
                ["Sunstone Hidden"] = CFrame.new(-1139.3863525391, 26.385051727295, -1076.2637939453, 0.73157435655594, -0, -0.68176174163818, 0, 1, -0, 0.68176174163818, 0, 0.73157435655594),
                ["Ancient Archives"] = CFrame.new(-3155.0222167969, -747.66784667969, 2193.1369628906, 1, 0, 0, 0, 1, 0, 0, 0, 1),
                ["Sunken's Depth"] = CFrame.new(-4958.2504882812, -608.43780517578, 1824.7980957031, 0.70713424682617, 0, 0.70707929134369, 0, 1, 0, -0.70707929134369, 0, 0.70713424682617),
                ["Atlantis Ocean"] = CFrame.new(-4309.107421875, -596.40374755859, 1835.9608154297, 1, 0, 0, 0, 1, 0, 0, 0, 1),
                ["Glacial Grotto"] = CFrame.new(19903.4453125, 1159.927734375, 5510.076171875, -0.52804124355316, 0, -0.84921878576279, 0, 1, 0, 0.84921878576279, 0, -0.52804124355316),
                ["Terrapin Olm"] = CFrame.new(22.064390182495, 98.385055541992, 1944.3679199219, -0.019799709320068, 0, 0.99980390071869, 0, 1, 0, -0.99980390071869, 0, -0.019799709320068),
                ["Snowcap Pond"] = CFrame.new(2789.3474121094, 262.70303344727, 2613.3110351562, -0.019799709320068, 0, 0.99980390071869, 0, 1, 0, -0.99980390071869, 0, -0.019799709320068),
                ["Snowcap Ocean"] = CFrame.new(2850.3215332031, 54.988708496094, 2661.5300292969, 0.22571176290512, 0, 0.97419416904449, 0, 1, 0, -0.97419416904449, 0, 0.22571176290512),
                ["Mushgrove Water"] = CFrame.new(2525.3603515625, 54.988708496094, -776.18389892578, 0.98939663171768, -0, -0.14523872733116, 0, 1, -0, 0.14523872733116, 0, 0.98939663171768),
                Roslit = CFrame.new(-1476.5114746094, 133.16842651367, 671.68530273438, 0, 0, -1, 0, 1, 0, 1, 0, 0),
                ["Overgrowth Caves"] = CFrame.new(19640.79296875, 137.18524169922, 5249.4340820312, -0.47142148017883, 0, -0.88190805912018, 0, 1, 0, 0.88190805912018, 0, -0.47142148017883),
                ["Roslit Pond"] = CFrame.new(-1811.9697265625, 134.95381164551, 592.64276123047, 0.83553540706635, 0, 0.54943668842316, 0, 1, 0, -0.54943668842316, 0, 0.83553540706635),
                ["Roslit Pond Seaweed"] = CFrame.new(-1800.69921875, 134.72355651855, 621.30212402344, 1, 0, 0, 0, 1, 0, 0, 0, 1),
                ["Ancient Isle Waterfall"] = CFrame.new(5951.7221679688, 259.32205200195, 502.17401123047, 1, 0, 0, 0, 1, 0, 0, 0, 1),
                ["Roslit Bay"] = CFrame.new(-1650.7337646484, 121.36682891846, 504.35168457031, 1, 0, 0, 0, 1, 0, 0, 0, 1),
                ["Forsaken Shores Pond"] = CFrame.new(-2781.4636230469, 47.878372192383, 1709.1329345703, 1, 0, 0, 0, 1, 0, 0, 0, 1),
                ["Ancient Isle Pond"] = CFrame.new(6014.6586914062, 188.58296203613, 330.31607055664, 1, 0, 0, 0, 1, 0, 0, 0, 1),
                ["Deep Ocean"] = CFrame.new(-6670.9291992188, -27.155258178711, 2600.6821289062, 1, 0, 0, 0, 1, 0, 0, 0, 1),
                ["Forsaken Veil"] = CFrame.new(-2418.1166992188, -11299.811523438, 7033.7626953125, 1, 0, 0, 0, 1, 0, 0, 0, 1),
                ["Challengers Deep"] = CFrame.new(-763.67303466797, -3283.1384277344, -689.25933837891, -0.82528078556061, 0, 0.56472253799438, 0, 1, 0, -0.56472253799438, 0, -0.82528078556061),
                ["The Depths - Serpent"] = CFrame.new(1089.5379638672, -750.5, 1463.9250488281, -1, 0, 0, 0, 1, 0, 0, 0, -1),
                ["Forsaken Shores"] = CFrame.new(-2489.4091796875, 132.93493652344, 1566.6665039062, 0, 0, -1, 0, 1, 0, 1, 0, 0),
                ["Harvesters Spike"] = CFrame.new(-1234.6938476562, -38.827453613281, 1748.2203369141, 1, 0, 0, 0, 1, 0, 0, 0, 1),
                ["Poseidon Pool"] = CFrame.new(-3984.8493652344, -575.02471923828, 935.83856201172, 0.70713424682617, 0, 0.70707929134369, 0, 1, 0, -0.70707929134369, 0, 0.70713424682617),
                ["Brine Pool Water"] = CFrame.new(-1788.3684082031, -177.60336303711, -3417.5134277344, 0, 0, 1, 0, 1, -0, -1, 0, 0),
                ["Cryogenic Canal"] = CFrame.new(20303.177734375, 709.50573730469, 5767.0732421875, -0.52804124355316, 0, -0.84921878576279, 0, 1, 0, 0.84921878576279, 0, -0.52804124355316),
                ["Scallop Ocean"] = CFrame.new(23.193054199219, 83.820251464844, 738.66088867188, 1, 0, 0, 0, 1, 0, 0, 0, 1),
                Moosewood = CFrame.new(383.10113525391, 134.24060058594, 243.93385314941, -0.4578446149826, 0, -0.88903224468231, 0, 1, 0, 0.88903224468231, 0, -0.4578446149826),
                ["Kraken Pool"] = CFrame.new(-4289.5541992188, -1091.5866699219, 2077.9809570312, 1, 0, 0, 0, 1, 0, 0, 0, 1),
                ["Moosewood Ocean"] = CFrame.new(489.3835144043, 26.285051345825, 178.4963684082, 1, 0, 0, 0, 1, 0, 0, 0, 1),
                Ocean = CFrame.new(-6670.9291992188, 26.385051727295, 4648.6821289062, 1, 0, 0, 0, 1, 0, 0, 0, 1),
                ["Calm Zone"] = CFrame.new(-4257.4682617188, -11200.301757812, 1795.4708251953, 1, 0, 0, 0, 1, 0, 0, 0, 1),
                ["Ancient Isle Ocean"] = CFrame.new(5505.2084960938, 150.49662780762, -321.47900390625, 1, 0, 0, 0, 1, 0, 0, 0, 1),
                Lava = CFrame.new(-1763.9672851562, 44.924980163574, 365.66491699219, 1, 0, 0, 0, 1, 0, 0, 0, 1),
                ["Frigid Cavern"] = CFrame.new(19759.77734375, 420.98226928711, 5402.3203125, -0.52804124355316, 0, -0.84921878576279, 0, 1, 0, 0.84921878576279, 0, -0.52804124355316),
                ["Forsaken Shores Ocean"] = CFrame.new(-3592.0354003906, -38.304702758789, 1604.7957763672, 1, 0, 0, 0, 1, 0, 0, 0, 1),
                ["Brine Pool"] = CFrame.new(-1796.3830566406, -135.69418334961, -3345.5881347656, 1, 0, 0, 0, 1, 0, 0, 0, 1),
                ["Moosewood Docks"] = CFrame.new(345.80291748047, 54.788707733154, 261.25231933594, 1, 0, 0, 0, 1, 0, 0, 0, 1),
                ["Terrapin Ocean"] = CFrame.new(46.760547637939, 26.385051727295, 1909.4783935547, 0.99693500995636, 0, 0.078234054148197, 0, 1, 0, -0.078234054148197, 0, 0.99693500995636),
                ["Atlantean Storm"] = CFrame.new(-3496.4431152344, -66.30158996582, 313.76409912109, 1, 0, 0, 0, 1, 0, 0, 0, 1),
                ["Desolate Deep"] = CFrame.new(-1666.7777099609, -214.18096923828, -2838.9743652344, 0.45496439933777, 0.00020881490490865, 0.89050960540771, 6.1562386690639e-05, 0.99999994039536, -0.00026594166411087, -0.89050960540771, 0.00017581589054316, 0.45496433973312),
                Atlantis = CFrame.new(-4265.130859375, -599.57458496094, 1830.8073730469, -0.99884450435638, 0, -0.048067476600409, 0, 1, 0, 0.048067476600409, 0, -0.99884450435638)
            },
            Names = {
                "Abyssal Zenith",
                "Ancient Archives",
                "Ancient Isle Ocean",
                "Ancient Isle Pond",
                "Ancient Isle Waterfall",
                "Ancient Isle",
                "Atlantean Storm",
                "Atlantis Ocean",
                "Atlantis",
                "Brine Pool Water",
                "Brine Pool",
                "Calm Zone",
                "Challengers Deep",
                "Cryogenic Canal",
                "Deep Ocean",
                "Desolate Deep",
                "Ethereal Abyss",
                "Forsaken Shores Ocean",
                "Forsaken Shores Pond",
                "Forsaken Shores",
                "Forsaken Veil",
                "Frigid Cavern",
                "Glacial Grotto",
                "Grand Reef",
                "Harvesters Spike",
                "Keepers Altar",
                "Kraken Pool",
                "Lava",
                "Moosewood Docks",
                "Moosewood Ocean Mythical",
                "Moosewood Ocean",
                "Moosewood Pond",
                "Moosewood",
                "Mushgrove Water",
                "Mushgrove",
                "Ocean",
                "Overgrowth Caves",
                "Poseidon Pool",
                "Roslit Bay Clam",
                "Roslit Bay Ocean",
                "Roslit Bay",
                "Roslit Pond Seaweed",
                "Roslit Pond",
                "Roslit",
                "Scallop Ocean",
                "Snowcap Ocean",
                "Snowcap Pond",
                "Snowcap",
                "Sunken's Depth",
                "Sunstone Hidden",
                "Sunstone",
                "Terrapin Ocean",
                "Terrapin Olm",
                "Terrapin",
                "The Arch",
                "The Depths",
                "Vertigo",
                "Volcanic Vents",
                "Zeus Pool",
                "The Depths - Serpent"
            }
        },
        Unsafe = {
            CFrames = {
                ["The Depths"] = CFrame.new(568.15270996094, -698.88110351562, 1230.8479003906, -1, 0, 0, 0, 1, 0, 0, 0, -1),
                ["Moosewood Ocean Mythical"] = CFrame.new(697.75567626953, 54.988708496094, 316.38439941406, 1, 0, 0, 0, 1, 0, 0, 0, 1),
                ["Ancient Isle"] = CFrame.new(6064.0815429688, 201.71060180664, 294.89654541016, 0.53912949562073, 0, -0.84222286939621, 0, 1, 0, 0.84222286939621, 0, 0.53912949562073),
                Sunstone = CFrame.new(-933.25970458984, 131.14395141602, -1119.5206298828, -0.34204268455505, 0, -0.93968439102173, 0, 1, 0, 0.93968439102173, 0, -0.34204268455505),
                ["Roslit Bay Clam"] = CFrame.new(-2028.7944335938, 54.788707733154, 541.78442382812, 1, 0, 0, 0, 1, 0, 0, 0, 1),
                ["Moosewood Pond"] = CFrame.new(526.18145751953, 137.41000366211, 285.77331542969, 0.97584927082062, 0, 0.21844488382339, 0, 1, 0, -0.21844488382339, 0, 0.97584927082062),
                Mushgrove = CFrame.new(2501.4858398438, 130.75833129883, -720.69946289062, 0, 0, -1, 0, 1, 0, 1, 0, 0),
                ["Zeus Pool"] = CFrame.new(-4298.6284179688, -643.90972900391, 2714.1125488281, 0.70713424682617, 0, 0.70707929134369, 0, 1, 0, -0.70707929134369, 0, 0.70713424682617),
                ["Keepers Altar"] = CFrame.new(1294.5756835938, -804.36505126953, -307.56521606445, 0.033169567584991, 0, 0.99944972991943, 0, 1, 0, -0.99944972991943, 0, 0.033169567584991),
                ["Volcanic Vents"] = CFrame.new(-3407.9072265625, -2260.0668945312, 3856.4709472656, -0.82528078556061, 0, 0.56472253799438, 0, 1, 0, -0.56472253799438, 0, -0.82528078556061),
                ["Ethereal Abyss"] = CFrame.new(-3754.2492675781, -578.83087158203, 1832.138671875, 1, 0, 0, 0, 1, 0, 0, 0, 1),
                ["Abyssal Zenith"] = CFrame.new(-13531.407226562, -11050.122070312, 134.94839477539, -0.82528078556061, 0, 0.56472253799438, 0, 1, 0, -0.56472253799438, 0, -0.82528078556061),
                Vertigo = CFrame.new(-112.00727844238, -489.9010925293, 1040.3278808594, -1, 0, 0, 0, 1, 0, 0, 0, -1),
                ["The Arch"] = CFrame.new(1055.4729003906, 26.385051727295, -1190.8515625, 0.98733121156693, -0, -0.15867285430431, 0, 1, -0, 0.15867285430431, 0, 0.98733121156693),
                ["Roslit Bay Ocean"] = CFrame.new(-2123.0400390625, 26.385051727295, 601.70068359375, 1, 0, 0, 0, 1, 0, 0, 0, 1),
                Snowcap = CFrame.new(2648.67578125, 142.06605529785, 2521.2973632812, 0.46483319997787, 0, 0.88539826869965, 0, 1, 0, -0.88539826869965, 0, 0.46483319997787),
                Terrapin = CFrame.new(-143.83850097656, 144.16583251953, 1909.5109863281, -0.16683542728424, 0.012249407358468, -0.98590868711472, 0.033638164401054, 0.99941146373749, 0.0067249219864607, 0.98541074991226, -0.032042197883129, -0.16714930534363),
                ["Grand Reef"] = CFrame.new(-3565.7670898438, 157.36061096191, 535.24652099609, -0.4578446149826, 0, -0.88903224468231, 0, 1, 0, 0.88903224468231, 0, -0.4578446149826),
                ["Sunstone Hidden"] = CFrame.new(-1139.3863525391, 26.385051727295, -1076.2637939453, 0.73157435655594, -0, -0.68176174163818, 0, 1, -0, 0.68176174163818, 0, 0.73157435655594),
                ["Ancient Archives"] = CFrame.new(-3155.0222167969, -747.66784667969, 2193.1369628906, 1, 0, 0, 0, 1, 0, 0, 0, 1),
                ["Sunken's Depth"] = CFrame.new(-4958.2504882812, -608.43780517578, 1824.7980957031, 0.70713424682617, 0, 0.70707929134369, 0, 1, 0, -0.70707929134369, 0, 0.70713424682617),
                ["Atlantis Ocean"] = CFrame.new(-4309.107421875, -612.47747802734, 1835.9608154297, 1, 0, 0, 0, 1, 0, 0, 0, 1),
                ["Glacial Grotto"] = CFrame.new(19903.4453125, 1159.927734375, 5510.076171875, -0.52804124355316, 0, -0.84921878576279, 0, 1, 0, 0.84921878576279, 0, -0.52804124355316),
                ["Terrapin Olm"] = CFrame.new(22.064390182495, 98.385055541992, 1944.3679199219, -0.019799709320068, 0, 0.99980390071869, 0, 1, 0, -0.99980390071869, 0, -0.019799709320068),
                ["Snowcap Pond"] = CFrame.new(2789.3474121094, 262.70303344727, 2613.3110351562, -0.019799709320068, 0, 0.99980390071869, 0, 1, 0, -0.99980390071869, 0, -0.019799709320068),
                ["Snowcap Ocean"] = CFrame.new(2850.3215332031, 54.988708496094, 2661.5300292969, 0.22571176290512, 0, 0.97419416904449, 0, 1, 0, -0.97419416904449, 0, 0.22571176290512),
                ["Mushgrove Water"] = CFrame.new(2525.3603515625, 54.988708496094, -776.18389892578, 0.98939663171768, -0, -0.14523872733116, 0, 1, -0, 0.14523872733116, 0, 0.98939663171768),
                Roslit = CFrame.new(-1476.5114746094, 133.16842651367, 671.68530273438, 0, 0, -1, 0, 1, 0, 1, 0, 0),
                ["Overgrowth Caves"] = CFrame.new(19640.79296875, 137.18524169922, 5249.4340820312, -0.47142148017883, 0, -0.88190805912018, 0, 1, 0, 0.88190805912018, 0, -0.47142148017883),
                ["Roslit Pond"] = CFrame.new(-1811.9697265625, 134.95381164551, 592.64276123047, 0.83553540706635, 0, 0.54943668842316, 0, 1, 0, -0.54943668842316, 0, 0.83553540706635),
                ["Roslit Pond Seaweed"] = CFrame.new(-1800.69921875, 134.72355651855, 621.30212402344, 1, 0, 0, 0, 1, 0, 0, 0, 1),
                ["Ancient Isle Waterfall"] = CFrame.new(5951.7221679688, 216.18504333496, 502.17401123047, 0.70713424682617, 0, 0.70707929134369, 0, 1, 0, -0.70707929134369, 0, 0.70713424682617),
                ["Roslit Bay"] = CFrame.new(-1650.7337646484, 100.14752960205, 504.35168457031, 1, 0, 0, 0, 1, 0, 0, 0, 1),
                ["Forsaken Shores Pond"] = CFrame.new(-2781.4636230469, 217.19567871094, 1709.1329345703, -0.49995946884155, 0, -0.86604881286621, 0, 1, 0, 0.86604881286621, 0, -0.49995946884155),
                ["Ancient Isle Pond"] = CFrame.new(6014.6586914062, 179.83503723145, 330.31607055664, 1, 0, 0, 0, 1, 0, 0, 0, 1),
                ["Deep Ocean"] = CFrame.new(-6670.9291992188, 26.385051727295, 2600.6821289062, 1, 0, 0, 0, 1, 0, 0, 0, 1),
                ["Forsaken Veil"] = CFrame.new(-2418.1166992188, -11299.811523438, 7033.7626953125, 1, 0, 0, 0, 1, 0, 0, 0, 1),
                ["Challengers Deep"] = CFrame.new(-763.67303466797, -3283.1384277344, -689.25933837891, -0.82528078556061, 0, 0.56472253799438, 0, 1, 0, -0.56472253799438, 0, -0.82528078556061),
                ["The Depths - Serpent"] = CFrame.new(1089.5379638672, -750.5, 1463.9250488281, -1, 0, 0, 0, 1, 0, 0, 0, -1),
                ["Forsaken Shores"] = CFrame.new(-2489.4091796875, 132.93493652344, 1566.6665039062, 0, 0, -1, 0, 1, 0, 1, 0, 0),
                ["Harvesters Spike"] = CFrame.new(-1234.6938476562, 26.385051727295, 1748.2203369141, 1, 0, 0, 0, 1, 0, 0, 0, 1),
                ["Poseidon Pool"] = CFrame.new(-3984.8493652344, -575.02471923828, 935.83856201172, 0.70713424682617, 0, 0.70707929134369, 0, 1, 0, -0.70707929134369, 0, 0.70713424682617),
                ["Brine Pool Water"] = CFrame.new(-1788.3684082031, -177.60336303711, -3417.5134277344, 0, 0, 1, 0, 1, -0, -1, 0, 0),
                ["Cryogenic Canal"] = CFrame.new(20303.177734375, 709.50573730469, 5767.0732421875, -0.52804124355316, 0, -0.84921878576279, 0, 1, 0, 0.84921878576279, 0, -0.52804124355316),
                ["Scallop Ocean"] = CFrame.new(23.193023681641, 26.385051727295, 738.66088867188, 1, 0, 0, 0, 1, 0, 0, 0, 1),
                Moosewood = CFrame.new(383.10113525391, 134.24060058594, 243.93385314941, -0.4578446149826, 0, -0.88903224468231, 0, 1, 0, 0.88903224468231, 0, -0.4578446149826),
                ["Kraken Pool"] = CFrame.new(-4289.5541992188, -1077, 2077.9809570312, 1, 0, 0, 0, 1, 0, 0, 0, 1),
                ["Moosewood Ocean"] = CFrame.new(489.3835144043, 26.285051345825, 178.4963684082, 1, 0, 0, 0, 1, 0, 0, 0, 1),
                Ocean = CFrame.new(-6670.9291992188, 26.385051727295, 4648.6821289062, 1, 0, 0, 0, 1, 0, 0, 0, 1),
                ["Calm Zone"] = CFrame.new(-4257.4682617188, -11200.301757812, 1795.4708251953, 1, 0, 0, 0, 1, 0, 0, 0, 1),
                ["Ancient Isle Ocean"] = CFrame.new(5505.2084960938, 26.625051498413, -321.47900390625, 1, 0, 0, 0, 1, 0, 0, 0, 1),
                Lava = CFrame.new(-1763.9674072266, 112.89700317383, 365.6650390625, 1, 0, 0, 0, 1, 0, 0, 0, 1),
                ["Frigid Cavern"] = CFrame.new(19759.77734375, 420.98226928711, 5402.3203125, -0.52804124355316, 0, -0.84921878576279, 0, 1, 0, 0.84921878576279, 0, -0.52804124355316),
                ["Forsaken Shores Ocean"] = CFrame.new(-3592.0354003906, 102.07252502441, 1604.7957763672, 0.17362433671951, -0, -0.9848119020462, 0, 1, -0, 0.9848119020462, 0, 0.17362433671951),
                ["Brine Pool"] = CFrame.new(-1796.3830566406, -221.48301696777, -3345.5881347656, 0, 0, 1, 0, 1, -0, -1, 0, 0),
                ["Moosewood Docks"] = CFrame.new(345.80291748047, 54.788707733154, 261.25231933594, 1, 0, 0, 0, 1, 0, 0, 0, 1),
                ["Terrapin Ocean"] = CFrame.new(46.760547637939, 26.385051727295, 1909.4783935547, 0.99693500995636, 0, 0.078234054148197, 0, 1, 0, -0.078234054148197, 0, 0.99693500995636),
                ["Atlantean Storm"] = CFrame.new(-3496.4431152344, 11.702537536621, 313.76409912109, 0, 0, -1, 0, 1, 0, 1, 0, 0),
                ["Desolate Deep"] = CFrame.new(-1666.7777099609, -214.18096923828, -2838.9743652344, 0.45496439933777, 0.00020881490490865, 0.89050960540771, 6.1562386690639e-05, 0.99999994039536, -0.00026594166411087, -0.89050960540771, 0.00017581589054316, 0.45496433973312),
                Atlantis = CFrame.new(-4265.130859375, -599.57458496094, 1830.8073730469, -0.99884450435638, 0, -0.048067476600409, 0, 1, 0, 0.048067476600409, 0, -0.99884450435638)
            },
            Names = {
                "Abyssal Zenith",
                "Ancient Archives",
                "Ancient Isle Ocean",
                "Ancient Isle Pond",
                "Ancient Isle Waterfall",
                "Ancient Isle",
                "Atlantean Storm",
                "Atlantis Ocean",
                "Atlantis",
                "Brine Pool Water",
                "Brine Pool",
                "Calm Zone",
                "Challengers Deep",
                "Cryogenic Canal",
                "Deep Ocean",
                "Desolate Deep",
                "Ethereal Abyss",
                "Forsaken Shores Ocean",
                "Forsaken Shores Pond",
                "Forsaken Shores",
                "Forsaken Veil",
                "Frigid Cavern",
                "Glacial Grotto",
                "Grand Reef",
                "Harvesters Spike",
                "Keepers Altar",
                "Kraken Pool",
                "Lava",
                "Moosewood Docks",
                "Moosewood Ocean Mythical",
                "Moosewood Ocean",
                "Moosewood Pond",
                "Moosewood",
                "Mushgrove Water",
                "Mushgrove",
                "Ocean",
                "Overgrowth Caves",
                "Poseidon Pool",
                "Roslit Bay Clam",
                "Roslit Bay Ocean",
                "Roslit Bay",
                "Roslit Pond Seaweed",
                "Roslit Pond",
                "Roslit",
                "Scallop Ocean",
                "Snowcap Ocean",
                "Snowcap Pond",
                "Snowcap",
                "Sunken's Depth",
                "Sunstone Hidden",
                "Sunstone",
                "Terrapin Ocean",
                "Terrapin Olm",
                "Terrapin",
                "The Arch",
                "The Depths",
                "Vertigo",
                "Volcanic Vents",
                "Zeus Pool",
                "The Depths - Serpent"
            }
        }
    },
    SpecialEvents = {
        "Whales Pool",
        "Forsaken Veil - Scylla",
        "Lovestorm Eel",
        "Lovestorm Eel Supercharged",
        "Orcas Pool",
        "Ancient Orcas Pool",
        "Megalodon Default",
        "Megalodon Ancient",
        "Whale Shark",
        "Great Hammerhead Shark",
        "Great White Shark",
        "The Kraken Pool",
        "Ancient Kraken Pool",
        "Isonade",
        "Golden Tide"
    },
    ZonesAliases = {
        ["Veil of the Forsaken"] = "Forsaken Veil"
    },
    Interactables = {
        ["Volcanic Rod"] = CFrame.new(-3178.2446289062, -2034.2508544922, 4021.5788574219, 1, 0, 0, 0, 1, 0, 0, 0, 1),
        ["Rod Of The Zenith"] = CFrame.new(-13625.116210938, -11032.931640625, 357.60198974609, 0.76606124639511, 0, -0.64276760816574, 0, 1, 0, 0.64276760816574, 0, 0.76606124639511),
        ["Challenger's Rod"] = CFrame.new(737.98858642578, -3351.7373046875, -1528.7674560547, 0.76602840423584, -0.056061219424009, -0.64035749435425, 1.7445534467697e-05, 0.99619150161743, -0.087192468345165, 0.64280676841736, 0.066780738532543, 0.76311194896698),
        ["Leviathan's Fang Rod"] = CFrame.new(-2297.6765136719, -11183.801757812, 7138.990234375, 1, 0, 0, 0, 1, 0, 0, 0, 1),
        ["Enchant Altar"] = CFrame.new(1310.5465087891, -797.96960449219, -82.730346679688, 0.99997305870056, 0, 0.0073373215273023, 0, 1, 0, -0.0073373215273023, 0, 0.99997305870056),
        ["Ethereal Prism Rod"] = CFrame.new(-4359.8618164062, -11170.938476562, 3719.0483398438, -0.17294538021088, -0.015099253505468, -0.98481571674347, -0.087165221571922, 0.99619388580322, 3.3542513847351e-05, 0.98106682300568, 0.085847474634647, -0.17360317707062)
    }
}