return {
  SpecialEvents = {
        "Lovestorm Eel",
        "Lovestorm Eel Supercharged",
        
        "Orcas Pool",
        "Ancient Orcas Pool",

        "Megalodon Default",
        "Megalodon Ancient",

        "Whale Shark",
        "Great Hammerhead Shark",
        "Great White Shark",

        "The Kraken Pool",
        "Ancient Kraken Pool",

        "Isonade",
        "Golden Tide"
    },

    NPCs = {
        ["Appraiser"] = CFrame.new(453.182373, 150.500031, 206.908783, 0, 0, 1, 0, 1, -0, -1, 0, 0),
        ["Moosewood Shipwright"] = CFrame.new(361.154297, 133.615952, 257.741211, -0.140875623, 4.26487077e-08, 0.990027308, -2.82988688e-10, 1, -4.31185825e-08, -0.990027308, -6.35452357e-09, -0.140875623),
        ["Jack Marrow"] = CFrame.new(-2829.76465, 215.09082, 1517.49243, -0.0927804708, 0.0304089673, -0.995222151, -0.0145887015, 0.999384701, 0.0318962, 0.995579779, 0.0174783431, -0.0922797918),
        ["Merlin"] = CFrame.new(-928.032837, 223.700027, -998.744995, 0.103172004, 5.18156256e-08, 0.994663537, 2.8412142e-08, 1, -5.50406831e-08, -0.994663537, 3.39391804e-08, 0.103172004)
    },

    Interactables = {
        ["Enchant Altar"] = CFrame.new(1310.5465087890625, -799.4696044921875, -82.7303466796875)
    }
}
