return {
    NPCs = {
        ["Appraiser"] = CFrame.new(453.182373, 150.500031, 206.908783, 0, 0, 1, 0, 1, -0, -1, 0, 0)
    },
    
    Areas = {
        ["Spawn"] = CFrame.new(383.099609, 134.500519, 243.933411, -0.457844615, 0, -0.889032245, 0, 1, 0, 0.889032245, 0, -0.457844615),
        ["Shipwright"] = CFrame.new(361.154297, 133.615952, 257.741211, -0.140875623, 4.26487077e-08, 0.990027308, -2.82988688e-10, 1, -4.31185825e-08, -0.990027308, -6.35452357e-09, -0.140875623)
    },
    
    Fishing = {
        ["Ancient Archives"] = CFrame.new(-3086.52661, -780, 2066.8999, 0.999797165, -0.00133648864, 0.0200971216, 0.00118029222, 0.999969006, 0.0077819326, -0.0201069005, -0.00775663368, 0.999767721),
        ["Ancient Isle Ocean"] = CFrame.new(5801.01074, 135.201508, 402.178131, 0.753066003, -3.40380595e-08, -0.657944977, 2.62715023e-08, 1, -2.16642473e-08, 0.657944977, -9.70594494e-10, 0.753066003),
        ["Ancient Isle Waterfall"] = CFrame.new(5801.01074, 135.201508, 402.178131, 0.753066003, -3.40380595e-08, -0.657944977, 2.62715023e-08, 1, -2.16642473e-08, 0.657944977, -9.70594494e-10, 0.753066003),
        
        ["Deep Ocean"] = CFrame.new(-4622.92919921875, 134.25003051757812, 4648.68212890625),
        ["Ocean"] = CFrame.new(-4622.92919921875, 134.25003051757812, -5591.31787109375),
        
        ["Desolate Deep"] = CFrame.new(-1369.07727, -235.404541, -2719.85229, 0.0806179717, -1.22877054e-07, 0.99674505, 1.91761647e-08, 1, 1.21727325e-07, -0.99674505, 9.30033828e-09, 0.0806179717),

        ["Forsaken Shores"] = CFrame.new(-2635.09423828125, 136.1950225830078, 1409.7601318359375),
        ["Forsaken Shores Ocean"] = CFrame.new(-3069.135498046875, 136.1950225830078, 1487.69580078125),

        ["Harvesters Spike"] = CFrame.new(-1459.996337890625, 134.25003051757812, 1749.4107666015625),
    
        ["Lava"] = CFrame.new(-2017.70691, 149.704407, 306.145905, 0.590159476, 0.00941893551, -0.807231545, -7.55180949e-08, 0.999931812, 0.0116674053, 0.807286561, -0.00688553322, 0.590119243),

        ["Moosewood Docks"] = CFrame.new(345.80291748046875, 134.29071044921875, 261.2523193359375),
        ["Moosewood Ocean"] = CFrame.new(697.7556762695312, 134.25003051757812, 316.3843994140625),
        ["Moosewood Ocean Mythical"] = CFrame.new(697.7556762695312, 134.29049682617188, 316.3843994140625),
        ["Moosewood Pond"] = CFrame.new(525.7445068359375, 153.94314575195312, 283.8216247558594),

        ["Mushgrove Water"] = CFrame.new(2451.059326171875, 134.29049682617188, -819.6515502929688),

        ["Roslit Bay"] = CFrame.new(-1521.0557861328125, 134.27003479003906, 517.9950561523438),
        ["Roslit Bay Clam"] = CFrame.new(-2028.79443359375, 134.29049682617188, 541.784423828125),
        ["Roslit Bay Ocean"] = CFrame.new(-1825.391357421875, 134.25003051757812, 946.6177978515625),
        ["Roslit Pond"] = CFrame.new(-1785.6949462890625, 149.87631225585938, 612.560546875),
        ["Roslit Pond Seaweed"] = CFrame.new(-1800.69921875, 149.69708251953125, 621.3021240234375),

        ["Scallop Ocean"] = CFrame.new(23.193023681640625, 134.25003051757812, 738.660888671875),

        ["Snowcap Ocean"] = CFrame.new(2815.534912109375, 134.29071044921875, 2809.045166015625),
        ["Snowcap Pond"] = CFrame.new(2789.347412109375, 283.5837707519531, 2613.31103515625),

        ["Sunstone"] = CFrame.new(-866.605652, 133.172211, -1212.72644, 0.806664109, 1.58037068e-08, -0.591010153, -2.58361847e-08, 1, -8.52339976e-09, 0.591010153, 2.21449685e-08, 0.806664109),
        ["Sunstone Hidden"] = CFrame.new(-1143.46851, 134.31044, -1084.75549, 0.977254927, 4.14973078e-09, -0.212067932, -1.97882577e-09, 1, 1.04490745e-08, 0.212067932, -9.79176473e-09, 0.977254927),

        ["Terrapin Ocean"] = CFrame.new(-58.220115661621094, 134.25003051757812, 2022.6390380859375),
        ["Terrapin Olm"] = CFrame.new(111.808548, 132.951508, 1974.6012, 0.0645602047, -1.05283725e-07, 0.997913837, -8.19862223e-09, 1, 1.06034236e-07, -0.997913837, -1.50271102e-08, 0.0645602047),

        ["The Arch"] = CFrame.new(1055.472900390625, 134.25003051757812, -1190.8515625),

        ["The Depths"] = CFrame.new(961.9736328125, -880, 1414.6876220703125),
        
        ["Vertigo"] = CFrame.new(-129.63470458984375, -732.4984741210938, 1203.5323486328125)
    }
}
