return {
    SpecialEvents = {
        "Orcas Pool",

        "Megalodon Default",
        "Megalodon Ancient",

        "Whale Shark",
        "Great Hammerhead Shark",
        "Great White Shark",

        "Isonade",
        "Golden Tide"
    },

    NPCs = {
        ["1Appraiser"] = CFrame.new(453.182373, 150.500031, 206.908783, 0, 0, 1, 0, 1, -0, -1, 0, 0),
        ["2Shipwright"] = CFrame.new(361.154297, 133.615952, 257.741211, -0.140875623, 4.26487077e-08, 0.990027308, -2.82988688e-10, 1, -4.31185825e-08, -0.990027308, -6.35452357e-09, -0.140875623),
        ["3Jack Marrow"] = CFrame.new(-2829.76465, 215.09082, 1517.49243, -0.0927804708, 0.0304089673, -0.995222151, -0.0145887015, 0.999384701, 0.0318962, 0.995579779, 0.0174783431, -0.0922797918),
        ["4Merlin"] = CFrame.new(-928.032837, 223.700027, -998.744995, 0.103172004, 5.18156256e-08, 0.994663537, 2.8412142e-08, 1, -5.50406831e-08, -0.994663537, 3.39391804e-08, 0.103172004)
    },
    
    Areas = {
        ["1Moosewood"] = CFrame.new(383.099609, 134.500519, 243.933411, -0.457844615, 0, -0.889032245, 0, 1, 0, 0.889032245, 0, -0.457844615),
        ["2Grand Reef"] = CFrame.new(-3576.6792, 152.590118, 524.784912, 0.997619033, 0.000895441743, -0.0689586997, 1.9450459e-08, 0.9999156, 0.0129844332, 0.0689645112, -0.0129534602, 0.997534931)
    },
    
    Fishing = {
        ["1Ancient Archives"] = CFrame.new(-3086.52661, -780, 2066.8999, 0.999797165, -0.00133648864, 0.0200971216, 0.00118029222, 0.999969006, 0.0077819326, -0.0201069005, -0.00775663368, 0.999767721),
        ["2Ancient Isle Ocean"] = CFrame.new(5801.01074, 135.201508, 402.178131, 0.753066003, -3.40380595e-08, -0.657944977, 2.62715023e-08, 1, -2.16642473e-08, 0.657944977, -9.70594494e-10, 0.753066003),
        ["3Ancient Isle Waterfall"] = CFrame.new(5801.01074, 135.201508, 402.178131, 0.753066003, -3.40380595e-08, -0.657944977, 2.62715023e-08, 1, -2.16642473e-08, 0.657944977, -9.70594494e-10, 0.753066003),
        
        ["4Brine Pool"] = CFrame.new(-1781.61548, -142.324371, -3319.7395, 0.994438589, -0.00412322953, 0.105237514, -6.98242042e-09, 0.999233305, 0.0391502492, -0.105318256, -0.0389325209, 0.993676186),
        ["5Brine Pool Water"] = CFrame.new(-1773.61548, -142.324371, -3319.7395, 0.994438589, -0.00412322953, 0.105237514, -6.98242042e-09, 0.999233305, 0.0391502492, -0.105318256, -0.0389325209, 0.993676186),

        ["6Deep Ocean"] = CFrame.new(-4622.92919921875, 134.25003051757812, 4648.68212890625),
        ["7Ocean"] = CFrame.new(-4622.92919921875, 134.25003051757812, -5591.31787109375),
        
        ["8Desolate Deep"] = CFrame.new(-1369.07727, -235.404541, -2719.85229, 0.0806179717, -1.22877054e-07, 0.99674505, 1.91761647e-08, 1, 1.21727325e-07, -0.99674505, 9.30033828e-09, 0.0806179717),

        ["9Forsaken Shores"] = CFrame.new(-2644.20874, 131.807587, 1399.64136, -0.759204388, 5.31814521e-08, -0.650852323, 3.33366251e-10, 1, 8.13216161e-08, 0.650852323, 6.15227549e-08, -0.759204388),
        ["10Forsaken Shores Ocean"] = CFrame.new(-2992.94067, 131.887405, 1494.38904, -0.571412683, 0.0551516786, 0.818807542, 1.38246508e-08, 0.997739255, -0.0672038123, -0.820662856, -0.0384010971, -0.570120871),
        ["11Forsaken Shores Pond"] = CFrame.new(-2780.32959, 233.44162, 1707.82629, 0.357093662, 3.8961268e-08, -0.934068561, -6.78726124e-08, 1, 1.57637121e-08, 0.934068561, 5.77685526e-08, 0.357093662),

        ["12Harvesters Spike"] = CFrame.new(-1459.996337890625, 134.25003051757812, 1749.4107666015625),
    
        ["13Lava"] = CFrame.new(-2017.70691, 149.704407, 306.145905, 0.590159476, 0.00941893551, -0.807231545, -7.55180949e-08, 0.999931812, 0.0116674053, 0.807286561, -0.00688553322, 0.590119243),

        ["14Moosewood Docks"] = CFrame.new(349.994751, 133.914764, 263.561554, 0.999795794, 1.58424989e-08, 0.0202067159, -1.83120328e-08, 1, 1.22028439e-07, -0.0202067159, -1.2237355e-07, 0.999795794),
        ["15Moosewood Ocean"] = CFrame.new(424.171753, 131.53833, 639.142273, 0.243906438, 0.0791488811, 0.966563582, -9.18329324e-09, 0.996664047, -0.081613712, -0.969798744, 0.0199061017, 0.243092775),
        ["16Moosewood Ocean Mythical"] = CFrame.new(682.518555, 130.27066, 276.465759, 0.553185821, 6.46636735e-08, -0.83305788, -1.89094518e-10, 1, 7.74964946e-08, 0.83305788, -4.27124363e-08, 0.553185821),
        ["17Moosewood Pond"] = CFrame.new(522.295654, 150.799942, 312.363647, -0.390249282, 3.13202122e-08, -0.920709252, 4.64371617e-08, 1, 1.43347592e-08, 0.920709252, -3.71609943e-08, -0.390249282),

        ["18Mushgrove Water"] = CFrame.new(2426.4624, 130.67601, -807.148071, -0.802397907, -4.14296082e-08, -0.59678942, -7.7566602e-09, 1, -5.89917981e-08, 0.59678942, -4.27058033e-08, -0.802397907),

        ["19Roslit Bay"] = CFrame.new(-1521.0557861328125, 134.27003479003906, 517.9950561523438),
        ["20Roslit Bay Clam"] = CFrame.new(-2028.79443359375, 134.29049682617188, 541.784423828125),
        ["21Roslit Bay Ocean"] = CFrame.new(-1825.391357421875, 134.25003051757812, 946.6177978515625),
        ["22Roslit Pond"] = CFrame.new(-1785.6949462890625, 149.87631225585938, 612.560546875),
        ["23Roslit Pond Seaweed"] = CFrame.new(-1800.69921875, 149.69708251953125, 621.3021240234375),

        ["24Scallop Ocean"] = CFrame.new(23.193023681640625, 134.25003051757812, 738.660888671875),

        ["25Snowcap Ocean"] = CFrame.new(2815.534912109375, 134.29071044921875, 2809.045166015625),
        ["26Snowcap Pond"] = CFrame.new(2789.347412109375, 283.5837707519531, 2613.31103515625),

        ["27Sunstone"] = CFrame.new(-866.605652, 133.172211, -1212.72644, 0.806664109, 1.58037068e-08, -0.591010153, -2.58361847e-08, 1, -8.52339976e-09, 0.591010153, 2.21449685e-08, 0.806664109),
        ["28Sunstone Hidden"] = CFrame.new(-1143.46851, 134.31044, -1084.75549, 0.977254927, 4.14973078e-09, -0.212067932, -1.97882577e-09, 1, 1.04490745e-08, 0.212067932, -9.79176473e-09, 0.977254927),

        ["29Terrapin Ocean"] = CFrame.new(-58.220115661621094, 134.25003051757812, 2022.6390380859375),
        ["30Terrapin Olm"] = CFrame.new(111.808548, 132.951508, 1974.6012, 0.0645602047, -1.05283725e-07, 0.997913837, -8.19862223e-09, 1, 1.06034236e-07, -0.997913837, -1.50271102e-08, 0.0645602047),

        ["31The Arch"] = CFrame.new(1055.472900390625, 134.25003051757812, -1190.8515625),

        ["32The Depths"] = CFrame.new(961.9736328125, -740.5418090820312, 1420.6876220703125),
        
        ["33Vertigo"] = CFrame.new(-129.63470458984375, -732.4984741210938, 1203.5323486328125)
    }
}
